wavelength(microns)	real_part(n)	imaginary_part(k)	standard_deviation(n)	standard_deviation(k)
3.00	1.470	0.006	0.005	0.002
3.02	1.473	0.006	0.010	0.003
3.04	1.473	0.006	0.003	0.002
3.06	1.474	0.006	0.005	0.002
3.08	1.473	0.006	0.003	0.002
3.10	1.474	0.006	0.004	0.002
3.12	1.474	0.006	0.002	0.002
3.14	1.474	0.006	0.003	0.002
3.16	1.474	0.006	0.002	0.002
3.18	1.474	0.006	0.003	0.002
3.20	1.473	0.006	0.002	0.001
3.22	1.473	0.006	0.002	0.001
3.24	1.473	0.006	0.002	0.001
3.26	1.473	0.006	0.002	0.001
3.28	1.473	0.006	0.002	0.001
3.30	1.473	0.006	0.002	0.001
3.32	1.473	0.006	0.002	0.001
3.34	1.473	0.006	0.002	0.001
3.36	1.473	0.006	0.002	0.001
3.38	1.472	0.006	0.002	0.001
3.40	1.472	0.006	0.002	0.001
3.42	1.472	0.006	0.002	0.001
3.44	1.472	0.006	0.002	0.001
3.46	1.472	0.006	0.002	0.001
3.48	1.472	0.006	0.002	0.001
3.50	1.472	0.006	0.002	0.001
3.52	1.471	0.006	0.002	0.001
3.54	1.471	0.006	0.002	0.001
3.56	1.471	0.006	0.002	0.001
3.58	1.471	0.006	0.002	0.001
3.60	1.471	0.006	0.002	0.001
3.62	1.471	0.006	0.002	0.001
3.64	1.470	0.006	0.002	0.001
3.66	1.470	0.006	0.002	0.001
3.68	1.470	0.006	0.002	0.001
3.70	1.470	0.006	0.002	0.001
3.72	1.470	0.006	0.002	0.001
3.74	1.470	0.006	0.002	0.001
3.76	1.469	0.006	0.002	0.001
3.78	1.469	0.006	0.002	0.001
3.80	1.469	0.006	0.002	0.001
3.82	1.469	0.006	0.002	0.001
3.84	1.469	0.006	0.002	0.001
3.86	1.469	0.006	0.002	0.001
3.88	1.468	0.006	0.002	0.001
3.90	1.468	0.006	0.002	0.001
3.92	1.468	0.006	0.002	0.001
3.94	1.468	0.006	0.002	0.001
3.96	1.468	0.006	0.002	0.001
3.98	1.467	0.006	0.002	0.001
4.00	1.467	0.006	0.002	0.001
4.02	1.467	0.006	0.002	0.001
4.04	1.467	0.006	0.002	0.001
4.06	1.467	0.006	0.002	0.001
4.08	1.467	0.006	0.002	0.001
4.10	1.466	0.006	0.002	0.001
4.12	1.466	0.006	0.002	0.001
4.14	1.466	0.006	0.002	0.001
4.16	1.466	0.006	0.002	0.001
4.18	1.466	0.006	0.002	0.001
4.20	1.465	0.006	0.002	0.001
4.22	1.465	0.006	0.002	0.001
4.24	1.465	0.006	0.002	0.001
4.26	1.465	0.006	0.002	0.001
4.28	1.465	0.006	0.002	0.001
4.30	1.464	0.006	0.003	0.001
4.32	1.464	0.006	0.003	0.001
4.34	1.464	0.006	0.003	0.001
4.36	1.464	0.006	0.003	0.001
4.38	1.464	0.006	0.003	0.001
4.40	1.464	0.006	0.003	0.001
4.42	1.463	0.006	0.003	0.001
4.44	1.463	0.006	0.003	0.001
4.46	1.463	0.006	0.003	0.001
4.48	1.463	0.006	0.003	0.001
4.50	1.462	0.006	0.003	0.001
4.52	1.462	0.006	0.003	0.001
4.54	1.462	0.006	0.003	0.001
4.56	1.462	0.006	0.003	0.001
4.58	1.462	0.006	0.003	0.001
4.60	1.461	0.006	0.003	0.001
4.62	1.461	0.006	0.003	0.001
4.64	1.461	0.006	0.003	0.001
4.66	1.461	0.006	0.003	0.001
4.68	1.461	0.006	0.003	0.001
4.70	1.460	0.006	0.003	0.001
4.72	1.460	0.006	0.003	0.001
4.74	1.460	0.006	0.003	0.001
4.76	1.460	0.006	0.003	0.001
4.78	1.459	0.006	0.003	0.001
4.80	1.459	0.006	0.003	0.001
4.82	1.459	0.006	0.003	0.001
4.84	1.459	0.006	0.003	0.001
4.86	1.458	0.006	0.003	0.001
4.88	1.458	0.006	0.003	0.001
4.90	1.458	0.006	0.003	0.001
4.92	1.458	0.006	0.003	0.001
4.94	1.457	0.006	0.003	0.001
4.96	1.457	0.006	0.003	0.001
4.98	1.457	0.006	0.003	0.001
5.00	1.457	0.006	0.003	0.001
5.02	1.456	0.006	0.003	0.001
5.04	1.456	0.006	0.003	0.001
5.06	1.456	0.006	0.003	0.001
5.08	1.456	0.006	0.003	0.001
5.10	1.455	0.006	0.003	0.001
5.12	1.455	0.006	0.003	0.001
5.14	1.455	0.006	0.003	0.001
5.16	1.455	0.006	0.003	0.001
5.18	1.454	0.006	0.003	0.001
5.20	1.454	0.006	0.003	0.001
5.22	1.454	0.006	0.003	0.001
5.24	1.453	0.006	0.003	0.001
5.26	1.453	0.006	0.003	0.001
5.28	1.453	0.006	0.003	0.001
5.30	1.453	0.006	0.003	0.001
5.32	1.452	0.006	0.003	0.001
5.34	1.452	0.006	0.003	0.001
5.36	1.452	0.006	0.003	0.001
5.38	1.451	0.006	0.003	0.001
5.40	1.451	0.006	0.003	0.001
5.42	1.451	0.006	0.003	0.001
5.44	1.450	0.006	0.003	0.001
5.46	1.450	0.006	0.003	0.001
5.48	1.450	0.006	0.003	0.001
5.50	1.449	0.006	0.003	0.001
5.52	1.449	0.006	0.003	0.001
5.54	1.449	0.006	0.003	0.001
5.56	1.448	0.006	0.003	0.001
5.58	1.448	0.006	0.004	0.001
5.60	1.448	0.006	0.003	0.001
5.62	1.447	0.006	0.003	0.001
5.64	1.447	0.006	0.003	0.001
5.66	1.447	0.006	0.003	0.001
5.68	1.447	0.005	0.003	0.001
5.70	1.446	0.005	0.003	0.001
5.72	1.446	0.005	0.003	0.001
5.74	1.445	0.005	0.004	0.001
5.76	1.445	0.005	0.003	0.001
5.78	1.444	0.004	0.004	0.001
5.80	1.443	0.004	0.004	0.001
5.82	1.442	0.004	0.004	0.001
5.84	1.441	0.004	0.004	0.001
5.86	1.441	0.004	0.004	0.001
5.88	1.440	0.004	0.004	0.001
5.90	1.439	0.004	0.004	0.001
5.92	1.438	0.004	0.004	0.001
5.94	1.437	0.004	0.004	0.001
5.96	1.436	0.004	0.004	0.001
5.98	1.435	0.005	0.004	0.001
6.00	1.435	0.005	0.004	0.001
6.02	1.434	0.005	0.004	0.001
6.04	1.433	0.006	0.004	0.001
6.06	1.433	0.006	0.005	0.001
6.08	1.431	0.006	0.005	0.001
6.10	1.431	0.007	0.005	0.001
6.12	1.431	0.007	0.005	0.001
6.14	1.430	0.006	0.005	0.001
6.16	1.429	0.006	0.005	0.001
6.18	1.428	0.006	0.005	0.001
6.20	1.427	0.006	0.005	0.001
6.22	1.426	0.006	0.005	0.001
6.24	1.424	0.006	0.005	0.001
6.26	1.423	0.005	0.005	0.001
6.28	1.420	0.005	0.005	0.001
6.30	1.420	0.005	0.005	0.001
6.32	1.416	0.004	0.005	0.001
6.34	1.414	0.005	0.005	0.001
6.36	1.410	0.005	0.006	0.001
6.38	1.407	0.006	0.006	0.001
6.40	1.401	0.007	0.007	0.001
6.42	1.399	0.013	0.006	0.001
6.44	1.398	0.011	0.006	0.001
6.46	1.389	0.015	0.007	0.001
6.48	1.387	0.022	0.007	0.001
6.50	1.385	0.026	0.007	0.001
6.52	1.382	0.032	0.007	0.002
6.54	1.381	0.038	0.007	0.002
6.56	1.380	0.044	0.007	0.002
6.58	1.380	0.051	0.007	0.002
6.60	1.380	0.057	0.008	0.003
6.62	1.381	0.065	0.008	0.003
6.64	1.383	0.073	0.007	0.003
6.66	1.388	0.081	0.007	0.004
6.68	1.393	0.087	0.007	0.004
6.70	1.399	0.093	0.007	0.005
6.72	1.406	0.097	0.006	0.005
6.74	1.413	0.101	0.006	0.005
6.76	1.421	0.103	0.006	0.005
6.78	1.429	0.105	0.005	0.005
6.80	1.437	0.105	0.005	0.006
6.82	1.444	0.105	0.005	0.006
6.84	1.452	0.103	0.004	0.005
6.86	1.458	0.101	0.004	0.005
6.88	1.464	0.097	0.003	0.005
6.90	1.468	0.094	0.003	0.005
6.92	1.475	0.090	0.003	0.005
6.94	1.477	0.085	0.003	0.005
6.96	1.481	0.082	0.003	0.005
6.98	1.484	0.077	0.003	0.004
7.00	1.486	0.073	0.002	0.004
7.02	1.488	0.068	0.002	0.004
7.04	1.489	0.064	0.002	0.004
7.06	1.490	0.060	0.002	0.003
7.08	1.491	0.056	0.002	0.003
7.10	1.491	0.051	0.002	0.003
7.12	1.490	0.048	0.002	0.003
7.14	1.491	0.044	0.002	0.003
7.16	1.490	0.040	0.002	0.003
7.18	1.488	0.037	0.002	0.002
7.20	1.487	0.034	0.002	0.002
7.22	1.486	0.031	0.002	0.002
7.24	1.484	0.029	0.002	0.002
7.26	1.482	0.027	0.002	0.002
7.28	1.481	0.025	0.002	0.002
7.30	1.479	0.023	0.002	0.002
7.32	1.477	0.022	0.003	0.002
7.34	1.476	0.020	0.002	0.002
7.36	1.474	0.019	0.002	0.002
7.38	1.473	0.018	0.002	0.002
7.40	1.471	0.017	0.002	0.002
7.42	1.470	0.017	0.002	0.001
7.44	1.469	0.015	0.003	0.001
7.46	1.467	0.015	0.003	0.002
7.48	1.467	0.014	0.002	0.001
7.50	1.465	0.013	0.002	0.001
7.52	1.464	0.012	0.003	0.001
7.54	1.462	0.012	0.003	0.001
7.56	1.461	0.011	0.003	0.001
7.58	1.460	0.012	0.003	0.001
7.60	1.460	0.011	0.003	0.001
7.62	1.460	0.010	0.003	0.001
7.64	1.459	0.008	0.003	0.001
7.66	1.457	0.007	0.003	0.001
7.68	1.456	0.006	0.003	0.001
7.70	1.454	0.005	0.003	0.001
7.72	1.453	0.004	0.004	0.001
7.74	1.451	0.003	0.004	0.001
7.76	1.449	0.003	0.004	0.001
7.78	1.448	0.002	0.004	0.001
7.80	1.446	0.001	0.004	0.001
7.82	1.444	0.001	0.004	0.001
7.84	1.442	0.000	0.004	0.001
7.86	1.439	0.001	0.004	0.001
7.88	1.439	0.001	0.004	0.001
7.90	1.436	0.000	0.005	0.001
7.92	1.434	0.000	0.005	0.001
7.94	1.432	0.000	0.005	0.001
7.96	1.430	0.001	0.005	0.001
7.98	1.429	0.001	0.005	0.001
8.00	1.427	0.001	0.005	0.001
8.02	1.426	0.001	0.005	0.001
8.04	1.424	0.000	0.005	0.001
8.06	1.421	0.000	0.005	0.001
8.08	1.419	0.001	0.006	0.001
8.10	1.417	0.001	0.006	0.001
8.12	1.415	0.001	0.006	0.001
8.14	1.412	0.002	0.006	0.001
8.16	1.410	0.002	0.006	0.001
8.18	1.407	0.003	0.006	0.001
8.20	1.405	0.005	0.006	0.001
8.22	1.403	0.006	0.006	0.001
8.24	1.400	0.007	0.007	0.001
8.26	1.398	0.009	0.007	0.001
8.28	1.397	0.010	0.007	0.001
8.30	1.394	0.012	0.007	0.001
8.32	1.393	0.013	0.008	0.001
8.34	1.390	0.015	0.008	0.001
8.36	1.389	0.017	0.008	0.001
8.38	1.387	0.019	0.008	0.001
8.40	1.385	0.021	0.008	0.002
8.42	1.383	0.023	0.008	0.002
8.44	1.382	0.026	0.008	0.002
8.46	1.381	0.028	0.009	0.002
8.48	1.379	0.030	0.009	0.002
8.50	1.378	0.033	0.009	0.003
8.52	1.379	0.035	0.008	0.003
8.54	1.377	0.036	0.008	0.003
8.56	1.376	0.039	0.008	0.003
8.58	1.376	0.041	0.008	0.003
8.60	1.375	0.043	0.008	0.004
8.62	1.375	0.045	0.008	0.004
8.64	1.374	0.046	0.008	0.004
8.66	1.372	0.048	0.008	0.004
8.68	1.371	0.050	0.008	0.004
8.70	1.370	0.052	0.008	0.004
8.72	1.369	0.054	0.008	0.004
8.74	1.368	0.056	0.008	0.004
8.76	1.367	0.058	0.008	0.005
8.78	1.366	0.060	0.008	0.004
8.80	1.364	0.063	0.008	0.005
8.82	1.364	0.066	0.008	0.005
8.84	1.362	0.068	0.008	0.005
8.86	1.362	0.072	0.008	0.005
8.88	1.361	0.074	0.008	0.005
8.90	1.360	0.078	0.008	0.005
8.92	1.361	0.081	0.008	0.005
8.94	1.360	0.084	0.008	0.006
8.96	1.360	0.087	0.008	0.006
8.98	1.360	0.090	0.008	0.006
9.00	1.360	0.093	0.008	0.006
9.02	1.361	0.096	0.008	0.006
9.04	1.361	0.098	0.008	0.007
9.06	1.361	0.101	0.008	0.006
9.08	1.362	0.103	0.008	0.006
9.10	1.361	0.105	0.008	0.007
9.12	1.361	0.107	0.008	0.007
9.14	1.360	0.110	0.008	0.007
9.16	1.360	0.112	0.008	0.007
9.18	1.358	0.115	0.008	0.007
9.20	1.357	0.118	0.008	0.007
9.22	1.355	0.121	0.008	0.007
9.24	1.353	0.125	0.008	0.007
9.26	1.352	0.130	0.008	0.008
9.28	1.350	0.135	0.008	0.008
9.30	1.349	0.141	0.008	0.008
9.32	1.348	0.147	0.008	0.009
9.34	1.347	0.154	0.008	0.009
9.36	1.347	0.161	0.008	0.009
9.38	1.347	0.169	0.008	0.010
9.40	1.348	0.178	0.008	0.010
9.42	1.350	0.187	0.008	0.011
9.44	1.353	0.196	0.008	0.011
9.46	1.356	0.206	0.008	0.011
9.48	1.362	0.215	0.007	0.012
9.50	1.367	0.225	0.007	0.012
9.52	1.375	0.234	0.007	0.013
9.54	1.383	0.243	0.006	0.013
9.56	1.394	0.251	0.005	0.014
9.58	1.405	0.257	0.005	0.014
9.60	1.416	0.263	0.004	0.014
9.62	1.428	0.267	0.004	0.014
9.64	1.441	0.271	0.003	0.014
9.66	1.455	0.272	0.003	0.014
9.68	1.467	0.272	0.003	0.014
9.70	1.480	0.271	0.002	0.014
9.72	1.492	0.268	0.002	0.014
9.74	1.502	0.265	0.002	0.013
9.76	1.512	0.261	0.003	0.013
9.78	1.522	0.257	0.003	0.013
9.80	1.531	0.252	0.003	0.012
9.82	1.539	0.248	0.004	0.012
9.84	1.548	0.242	0.004	0.011
9.86	1.555	0.237	0.004	0.011
9.88	1.563	0.231	0.004	0.010
9.90	1.570	0.225	0.004	0.010
9.92	1.576	0.218	0.003	0.009
9.94	1.582	0.212	0.003	0.009
9.96	1.589	0.203	0.003	0.009
9.98	1.591	0.195	0.003	0.009
10.00	1.594	0.189	0.003	0.009
10.02	1.597	0.182	0.003	0.009
10.04	1.601	0.176	0.003	0.009
10.06	1.605	0.168	0.003	0.009
10.08	1.606	0.160	0.003	0.009
10.10	1.607	0.153	0.003	0.009
10.12	1.608	0.147	0.003	0.009
10.14	1.610	0.140	0.003	0.009
10.16	1.610	0.133	0.004	0.009
10.18	1.610	0.126	0.004	0.008
10.20	1.609	0.120	0.004	0.008
10.22	1.608	0.114	0.004	0.007
10.24	1.607	0.108	0.004	0.007
10.26	1.606	0.103	0.004	0.007
10.28	1.604	0.097	0.004	0.006
10.30	1.602	0.093	0.004	0.006
10.32	1.600	0.088	0.004	0.006
10.34	1.598	0.084	0.004	0.005
10.36	1.595	0.080	0.004	0.005
10.38	1.593	0.077	0.004	0.005
10.40	1.591	0.073	0.004	0.005
10.42	1.588	0.070	0.004	0.004
10.44	1.586	0.068	0.003	0.004
10.46	1.584	0.065	0.003	0.004
10.48	1.582	0.062	0.003	0.004
10.50	1.579	0.060	0.003	0.004
10.52	1.577	0.058	0.003	0.004
10.54	1.575	0.056	0.003	0.004
10.56	1.573	0.054	0.002	0.004
10.58	1.570	0.053	0.002	0.004
10.60	1.569	0.052	0.002	0.004
10.62	1.567	0.050	0.002	0.004
10.64	1.565	0.049	0.002	0.004
10.66	1.563	0.048	0.002	0.004
10.68	1.561	0.047	0.002	0.004
10.70	1.559	0.046	0.002	0.004
10.72	1.558	0.046	0.002	0.004
10.74	1.557	0.045	0.002	0.004
10.76	1.555	0.044	0.002	0.004
10.78	1.554	0.043	0.002	0.004
10.80	1.552	0.042	0.002	0.004
10.82	1.551	0.042	0.002	0.004
10.84	1.550	0.041	0.002	0.003
10.86	1.548	0.041	0.002	0.004
10.88	1.547	0.041	0.002	0.004
10.90	1.546	0.041	0.002	0.003
10.92	1.546	0.040	0.002	0.003
10.94	1.545	0.039	0.002	0.003
10.96	1.545	0.038	0.002	0.003
10.98	1.543	0.037	0.001	0.003
11.00	1.542	0.037	0.001	0.003
11.02	1.542	0.036	0.001	0.003
11.04	1.540	0.035	0.001	0.003
11.06	1.539	0.034	0.001	0.003
11.08	1.538	0.033	0.001	0.003
11.10	1.536	0.032	0.001	0.003
11.12	1.534	0.031	0.001	0.003
11.14	1.532	0.031	0.001	0.003
11.16	1.531	0.030	0.001	0.003
11.18	1.528	0.029	0.001	0.003
11.20	1.525	0.030	0.001	0.003
11.22	1.523	0.030	0.001	0.003
11.24	1.520	0.031	0.001	0.003
11.26	1.517	0.032	0.001	0.003
11.28	1.513	0.035	0.001	0.003
11.30	1.511	0.039	0.001	0.004
11.32	1.508	0.043	0.001	0.004
11.34	1.508	0.050	0.001	0.004
11.36	1.510	0.056	0.001	0.004
11.38	1.514	0.061	0.001	0.005
11.40	1.519	0.063	0.002	0.005
11.42	1.519	0.066	0.002	0.005
11.44	1.525	0.076	0.001	0.008
11.46	1.543	0.078	0.003	0.009
11.48	1.554	0.066	0.005	0.007
11.50	1.554	0.057	0.005	0.004
11.52	1.556	0.053	0.003	0.004
11.54	1.558	0.047	0.004	0.004
11.56	1.557	0.041	0.003	0.003
11.58	1.556	0.036	0.003	0.003
11.60	1.554	0.031	0.003	0.003
11.62	1.550	0.028	0.003	0.003
11.64	1.547	0.026	0.002	0.003
11.66	1.545	0.026	0.003	0.003
11.68	1.543	0.025	0.002	0.003
11.70	1.542	0.024	0.003	0.003
11.72	1.540	0.023	0.002	0.003
11.74	1.538	0.024	0.002	0.003
11.76	1.538	0.023	0.002	0.003
11.78	1.537	0.023	0.003	0.003
11.80	1.537	0.022	0.003	0.003
11.82	1.536	0.022	0.003	0.003
11.84	1.536	0.021	0.003	0.003
11.86	1.535	0.021	0.003	0.003
11.88	1.536	0.020	0.004	0.003
11.90	1.534	0.018	0.004	0.002
11.92	1.533	0.018	0.003	0.002
11.94	1.532	0.017	0.003	0.001
11.96	1.532	0.017	0.003	0.001
11.98	1.531	0.016	0.003	0.001
12.00	1.530	0.016	0.003	0.001
12.02	1.529	0.016	0.003	0.001
12.04	1.529	0.017	0.003	0.001
12.06	1.530	0.015	0.003	0.001
12.08	1.528	0.015	0.003	0.001
12.10	1.528	0.015	0.003	0.001
12.12	1.528	0.014	0.003	0.001
12.14	1.528	0.013	0.003	0.001
12.16	1.527	0.012	0.003	0.001
12.18	1.527	0.012	0.003	0.001
12.20	1.526	0.011	0.002	0.001
12.22	1.526	0.010	0.002	0.001
12.24	1.524	0.009	0.002	0.001
12.26	1.524	0.009	0.002	0.001
12.28	1.523	0.008	0.002	0.001
12.30	1.522	0.007	0.002	0.001
12.32	1.520	0.006	0.002	0.001
12.34	1.519	0.007	0.002	0.001
12.36	1.518	0.007	0.002	0.001
12.38	1.517	0.008	0.002	0.001
12.40	1.518	0.008	0.002	0.001
12.42	1.518	0.007	0.002	0.001
12.44	1.518	0.006	0.002	0.001
12.46	1.516	0.005	0.002	0.001
12.48	1.515	0.005	0.002	0.001
12.50	1.514	0.005	0.001	0.001
12.52	1.514	0.005	0.001	0.001
12.54	1.513	0.005	0.001	0.001
12.56	1.512	0.005	0.001	0.001
12.58	1.511	0.005	0.001	0.001
12.60	1.511	0.005	0.001	0.001
12.62	1.510	0.005	0.001	0.001
12.64	1.510	0.005	0.001	0.001
12.66	1.509	0.005	0.001	0.001
12.68	1.509	0.005	0.001	0.001
12.70	1.508	0.005	0.001	0.001
12.72	1.508	0.005	0.001	0.001
12.74	1.507	0.005	0.001	0.001
12.76	1.507	0.005	0.001	0.001
12.78	1.506	0.005	0.001	0.001
12.80	1.506	0.005	0.001	0.001
12.82	1.505	0.005	0.001	0.001
12.84	1.505	0.005	0.001	0.001
12.86	1.505	0.005	0.001	0.001
12.88	1.504	0.005	0.001	0.001
12.90	1.504	0.005	0.001	0.001
12.92	1.504	0.005	0.001	0.002
12.94	1.503	0.005	0.001	0.002
12.96	1.503	0.005	0.001	0.002
12.98	1.503	0.005	0.001	0.002
13.00	1.503	0.004	0.001	0.001
13.02	1.502	0.004	0.001	0.001
13.04	1.501	0.004	0.001	0.001
13.06	1.501	0.004	0.001	0.001
13.08	1.500	0.004	0.001	0.001
13.10	1.500	0.004	0.001	0.001
13.12	1.499	0.004	0.001	0.001
13.14	1.499	0.004	0.001	0.001
13.16	1.499	0.004	0.001	0.001
13.18	1.497	0.004	0.001	0.001
13.20	1.497	0.005	0.001	0.001
13.22	1.497	0.005	0.001	0.001
13.24	1.497	0.005	0.001	0.001
13.26	1.497	0.005	0.001	0.001
13.28	1.497	0.005	0.001	0.001
13.30	1.496	0.005	0.001	0.001
13.32	1.496	0.005	0.001	0.001
13.34	1.496	0.005	0.001	0.002
13.36	1.496	0.005	0.001	0.002
13.38	1.496	0.005	0.001	0.002
13.40	1.495	0.005	0.001	0.002
13.42	1.495	0.005	0.001	0.002
13.44	1.495	0.005	0.001	0.002
13.46	1.495	0.005	0.001	0.002
13.48	1.495	0.004	0.001	0.002
13.50	1.494	0.004	0.001	0.002
13.52	1.494	0.004	0.001	0.002
13.54	1.493	0.004	0.001	0.002
13.56	1.493	0.004	0.001	0.002
13.58	1.492	0.004	0.001	0.002
13.60	1.491	0.005	0.001	0.001
13.62	1.492	0.005	0.001	0.001
13.64	1.492	0.005	0.001	0.001
13.66	1.492	0.005	0.001	0.001
13.68	1.492	0.005	0.001	0.001
13.70	1.492	0.004	0.001	0.002
13.72	1.491	0.004	0.001	0.002
13.74	1.490	0.004	0.001	0.002
13.76	1.490	0.004	0.001	0.002
13.78	1.490	0.004	0.001	0.002
13.80	1.489	0.004	0.001	0.002
13.82	1.489	0.004	0.001	0.002
13.84	1.488	0.004	0.001	0.002
13.86	1.487	0.004	0.001	0.002
13.88	1.487	0.005	0.001	0.002
13.90	1.487	0.005	0.001	0.002
13.92	1.486	0.005	0.001	0.002
13.94	1.486	0.006	0.001	0.002
13.96	1.487	0.006	0.001	0.002
13.98	1.487	0.006	0.001	0.002
14.00	1.486	0.006	0.001	0.002
14.02	1.486	0.007	0.001	0.002
14.04	1.487	0.007	0.001	0.002
14.06	1.487	0.007	0.001	0.002
14.08	1.487	0.007	0.001	0.002
14.10	1.487	0.007	0.002	0.002
14.12	1.487	0.007	0.002	0.002
14.14	1.488	0.006	0.002	0.002
14.16	1.487	0.006	0.002	0.002
14.18	1.487	0.006	0.002	0.002
14.20	1.487	0.005	0.002	0.002
14.22	1.486	0.005	0.002	0.002
14.24	1.486	0.005	0.002	0.002
14.26	1.486	0.005	0.002	0.002
14.28	1.485	0.005	0.002	0.002
14.30	1.486	0.005	0.002	0.001
14.32	1.485	0.004	0.002	0.001
14.34	1.485	0.004	0.002	0.001
14.36	1.484	0.004	0.002	0.001
14.38	1.483	0.005	0.002	0.002
14.40	1.484	0.005	0.002	0.002
14.42	1.483	0.005	0.002	0.002
14.44	1.483	0.005	0.002	0.002
14.46	1.483	0.005	0.002	0.002
14.48	1.483	0.005	0.002	0.002
14.50	1.483	0.005	0.002	0.002
14.52	1.483	0.005	0.002	0.002
14.54	1.483	0.005	0.002	0.002
14.56	1.483	0.005	0.002	0.002
14.58	1.483	0.004	0.002	0.002
14.60	1.483	0.004	0.002	0.002
14.62	1.482	0.004	0.002	0.001
14.64	1.483	0.004	0.002	0.001
14.66	1.482	0.003	0.002	0.001
14.68	1.481	0.003	0.002	0.001
14.70	1.481	0.003	0.002	0.001
14.72	1.481	0.003	0.002	0.001
14.74	1.481	0.003	0.003	0.001
14.76	1.480	0.003	0.002	0.001
14.78	1.481	0.003	0.003	0.001
14.80	1.481	0.002	0.003	0.001
14.82	1.480	0.001	0.003	0.001
14.84	1.479	0.001	0.003	0.001
14.86	1.478	0.001	0.003	0.001
14.88	1.477	0.001	0.003	0.001
14.90	1.477	0.001	0.003	0.001
14.92	1.476	0.001	0.002	0.001
14.94	1.476	0.001	0.003	0.001
14.96	1.474	0.001	0.002	0.001
14.98	1.474	0.001	0.004	0.001
15.00	1.471	0.001	0.004	0.001