wavelength(microns)	real_part(n)	imaginary_part(k)	standard_deviation(n)	standard_deviation(k)
3.00	1.438	0.005	0.005	0.003
3.02	1.438	0.005	0.026	0.003
3.04	1.438	0.005	0.004	0.003
3.06	1.437	0.005	0.009	0.003
3.08	1.437	0.005	0.002	0.003
3.10	1.437	0.005	0.008	0.003
3.12	1.437	0.005	0.003	0.003
3.14	1.436	0.005	0.007	0.003
3.16	1.436	0.005	0.003	0.003
3.18	1.436	0.005	0.006	0.003
3.20	1.436	0.005	0.003	0.003
3.22	1.435	0.005	0.005	0.003
3.24	1.435	0.005	0.002	0.003
3.26	1.435	0.005	0.004	0.003
3.28	1.435	0.005	0.001	0.004
3.30	1.434	0.005	0.002	0.004
3.32	1.434	0.005	0.001	0.004
3.34	1.434	0.005	0.001	0.003
3.36	1.434	0.005	0.002	0.003
3.38	1.434	0.005	0.001	0.003
3.40	1.433	0.005	0.003	0.003
3.42	1.433	0.005	0.001	0.003
3.44	1.433	0.005	0.003	0.003
3.46	1.433	0.005	0.002	0.003
3.48	1.432	0.005	0.004	0.003
3.50	1.432	0.005	0.002	0.003
3.52	1.432	0.005	0.004	0.003
3.54	1.432	0.005	0.003	0.003
3.56	1.431	0.005	0.005	0.003
3.58	1.431	0.005	0.003	0.003
3.60	1.431	0.005	0.005	0.003
3.62	1.431	0.005	0.004	0.002
3.64	1.430	0.005	0.005	0.002
3.66	1.430	0.005	0.004	0.002
3.68	1.430	0.005	0.005	0.002
3.70	1.430	0.005	0.005	0.002
3.72	1.429	0.005	0.006	0.003
3.74	1.429	0.005	0.005	0.002
3.76	1.429	0.005	0.006	0.002
3.78	1.429	0.005	0.005	0.002
3.80	1.428	0.005	0.006	0.003
3.82	1.428	0.005	0.005	0.003
3.84	1.428	0.005	0.006	0.003
3.86	1.428	0.005	0.006	0.003
3.88	1.427	0.005	0.007	0.003
3.90	1.427	0.005	0.006	0.003
3.92	1.427	0.005	0.007	0.002
3.94	1.426	0.005	0.006	0.002
3.96	1.426	0.005	0.007	0.002
3.98	1.426	0.005	0.006	0.002
4.00	1.426	0.005	0.007	0.002
4.02	1.425	0.005	0.007	0.002
4.04	1.425	0.005	0.008	0.002
4.06	1.425	0.005	0.007	0.002
4.08	1.425	0.005	0.008	0.002
4.10	1.424	0.005	0.008	0.002
4.12	1.424	0.005	0.009	0.003
4.14	1.424	0.005	0.009	0.003
4.16	1.423	0.005	0.009	0.004
4.18	1.423	0.005	0.009	0.004
4.20	1.423	0.005	0.009	0.005
4.22	1.422	0.005	0.008	0.005
4.24	1.422	0.005	0.008	0.005
4.26	1.422	0.005	0.007	0.005
4.28	1.422	0.005	0.008	0.005
4.30	1.421	0.005	0.007	0.005
4.32	1.421	0.005	0.007	0.005
4.34	1.421	0.005	0.006	0.004
4.36	1.420	0.005	0.006	0.004
4.38	1.420	0.005	0.006	0.003
4.40	1.420	0.005	0.007	0.003
4.42	1.419	0.005	0.006	0.003
4.44	1.419	0.005	0.007	0.002
4.46	1.419	0.005	0.006	0.002
4.48	1.418	0.005	0.007	0.002
4.50	1.418	0.005	0.007	0.002
4.52	1.418	0.005	0.008	0.002
4.54	1.417	0.005	0.008	0.001
4.56	1.417	0.005	0.008	0.002
4.58	1.416	0.005	0.008	0.001
4.60	1.416	0.005	0.008	0.002
4.62	1.416	0.005	0.008	0.001
4.64	1.415	0.005	0.009	0.002
4.66	1.415	0.005	0.008	0.001
4.68	1.415	0.005	0.009	0.002
4.70	1.414	0.005	0.008	0.002
4.72	1.414	0.005	0.009	0.002
4.74	1.413	0.005	0.009	0.002
4.76	1.413	0.005	0.009	0.002
4.78	1.413	0.005	0.009	0.002
4.80	1.412	0.005	0.010	0.001
4.82	1.412	0.005	0.009	0.001
4.84	1.411	0.005	0.010	0.002
4.86	1.411	0.005	0.009	0.001
4.88	1.410	0.005	0.010	0.001
4.90	1.410	0.005	0.010	0.001
4.92	1.409	0.005	0.011	0.001
4.94	1.409	0.005	0.010	0.001
4.96	1.409	0.005	0.011	0.001
4.98	1.408	0.005	0.011	0.001
5.00	1.408	0.005	0.011	0.001
5.02	1.407	0.005	0.011	0.001
5.04	1.407	0.005	0.012	0.001
5.06	1.406	0.005	0.011	0.002
5.08	1.405	0.005	0.012	0.002
5.10	1.405	0.005	0.012	0.002
5.12	1.404	0.005	0.012	0.002
5.14	1.404	0.005	0.012	0.002
5.16	1.403	0.005	0.013	0.002
5.18	1.403	0.005	0.012	0.002
5.20	1.402	0.005	0.013	0.002
5.22	1.401	0.005	0.013	0.002
5.24	1.401	0.005	0.014	0.002
5.26	1.400	0.005	0.013	0.002
5.28	1.400	0.005	0.014	0.002
5.30	1.399	0.005	0.014	0.002
5.32	1.398	0.005	0.014	0.002
5.34	1.397	0.005	0.014	0.002
5.36	1.397	0.005	0.015	0.002
5.38	1.396	0.005	0.015	0.002
5.40	1.395	0.005	0.015	0.002
5.42	1.394	0.005	0.015	0.002
5.44	1.394	0.005	0.016	0.003
5.46	1.393	0.005	0.016	0.003
5.48	1.392	0.005	0.016	0.003
5.50	1.391	0.005	0.016	0.003
5.52	1.390	0.005	0.017	0.003
5.54	1.389	0.005	0.016	0.004
5.56	1.388	0.005	0.017	0.004
5.58	1.387	0.005	0.017	0.004
5.60	1.387	0.005	0.018	0.004
5.62	1.385	0.005	0.018	0.004
5.64	1.384	0.005	0.018	0.005
5.66	1.383	0.005	0.018	0.005
5.68	1.382	0.005	0.018	0.005
5.70	1.381	0.005	0.018	0.005
5.72	1.380	0.005	0.019	0.006
5.74	1.378	0.005	0.018	0.006
5.76	1.377	0.005	0.020	0.006
5.78	1.376	0.005	0.020	0.008
5.80	1.374	0.005	0.019	0.008
5.82	1.372	0.005	0.019	0.009
5.84	1.371	0.005	0.019	0.009
5.86	1.369	0.005	0.018	0.009
5.88	1.367	0.005	0.018	0.010
5.90	1.365	0.005	0.018	0.010
5.92	1.363	0.005	0.018	0.010
5.94	1.361	0.006	0.018	0.011
5.96	1.359	0.006	0.017	0.012
5.98	1.357	0.006	0.015	0.012
6.00	1.354	0.006	0.015	0.010
6.02	1.351	0.006	0.015	0.011
6.04	1.348	0.007	0.014	0.011
6.06	1.345	0.007	0.014	0.009
6.08	1.342	0.008	0.014	0.009
6.10	1.339	0.008	0.014	0.008
6.12	1.334	0.008	0.015	0.008
6.14	1.329	0.010	0.014	0.008
6.16	1.324	0.012	0.014	0.006
6.18	1.319	0.015	0.015	0.005
6.20	1.316	0.018	0.017	0.004
6.22	1.311	0.020	0.018	0.004
6.24	1.306	0.025	0.020	0.003
6.26	1.304	0.028	0.021	0.003
6.28	1.300	0.030	0.023	0.003
6.30	1.294	0.032	0.026	0.004
6.32	1.287	0.036	0.028	0.007
6.34	1.280	0.039	0.028	0.007
6.36	1.268	0.044	0.030	0.008
6.38	1.256	0.058	0.032	0.011
6.40	1.252	0.073	0.033	0.014
6.42	1.249	0.086	0.033	0.016
6.44	1.247	0.098	0.033	0.018
6.46	1.242	0.113	0.034	0.021
6.48	1.245	0.134	0.033	0.025
6.50	1.251	0.148	0.032	0.027
6.52	1.260	0.164	0.030	0.030
6.54	1.269	0.168	0.028	0.030
6.56	1.268	0.183	0.028	0.033
6.58	1.284	0.197	0.024	0.035
6.60	1.291	0.201	0.023	0.035
6.62	1.299	0.212	0.021	0.036
6.64	1.307	0.218	0.020	0.037
6.66	1.314	0.231	0.018	0.038
6.68	1.329	0.241	0.016	0.039
6.70	1.344	0.245	0.014	0.039
6.72	1.354	0.249	0.012	0.039
6.74	1.367	0.253	0.011	0.040
6.76	1.375	0.257	0.009	0.040
6.78	1.389	0.266	0.007	0.041
6.80	1.406	0.270	0.005	0.041
6.82	1.428	0.270	0.003	0.041
6.84	1.437	0.258	0.002	0.038
6.86	1.442	0.271	0.002	0.040
6.88	1.473	0.271	0.006	0.040
6.90	1.488	0.256	0.008	0.037
6.92	1.497	0.248	0.009	0.036
6.94	1.507	0.248	0.010	0.036
6.96	1.533	0.242	0.014	0.034
6.98	1.547	0.215	0.016	0.029
7.00	1.545	0.200	0.015	0.027
7.02	1.547	0.190	0.014	0.025
7.04	1.547	0.185	0.014	0.025
7.06	1.557	0.182	0.015	0.025
7.08	1.567	0.169	0.017	0.023
7.10	1.571	0.155	0.017	0.020
7.12	1.575	0.142	0.017	0.018
7.14	1.575	0.128	0.017	0.016
7.16	1.574	0.115	0.016	0.014
7.18	1.569	0.104	0.016	0.013
7.20	1.565	0.097	0.015	0.012
7.22	1.562	0.090	0.014	0.011
7.24	1.561	0.085	0.014	0.010
7.26	1.562	0.076	0.014	0.009
7.28	1.557	0.065	0.013	0.008
7.30	1.551	0.059	0.012	0.007
7.32	1.546	0.053	0.011	0.006
7.34	1.539	0.049	0.010	0.006
7.36	1.535	0.048	0.009	0.006
7.38	1.534	0.046	0.009	0.005
7.40	1.531	0.040	0.009	0.005
7.42	1.525	0.037	0.008	0.004
7.44	1.523	0.035	0.008	0.004
7.46	1.519	0.031	0.007	0.003
7.48	1.515	0.030	0.006	0.003
7.50	1.511	0.029	0.006	0.003
7.52	1.510	0.028	0.006	0.003
7.54	1.507	0.026	0.005	0.003
7.56	1.506	0.025	0.005	0.003
7.58	1.503	0.021	0.005	0.002
7.60	1.500	0.020	0.004	0.002
7.62	1.497	0.018	0.003	0.002
7.64	1.493	0.017	0.003	0.002
7.66	1.491	0.017	0.003	0.002
7.68	1.490	0.016	0.003	0.002
7.70	1.489	0.013	0.002	0.001
7.72	1.485	0.011	0.002	0.001
7.74	1.482	0.010	0.002	0.001
7.76	1.478	0.010	0.001	0.001
7.78	1.476	0.010	0.001	0.001
7.80	1.474	0.009	0.001	0.001
7.82	1.471	0.009	0.001	0.001
7.84	1.470	0.009	0.001	0.001
7.86	1.468	0.008	0.001	0.001
7.88	1.465	0.008	0.001	0.001
7.90	1.464	0.007	0.001	0.001
7.92	1.461	0.006	0.002	0.001
7.94	1.459	0.006	0.002	0.001
7.96	1.457	0.006	0.002	0.001
7.98	1.455	0.006	0.003	0.001
8.00	1.453	0.005	0.003	0.001
8.02	1.451	0.004	0.003	0.001
8.04	1.448	0.004	0.003	0.001
8.06	1.446	0.004	0.004	0.001
8.08	1.443	0.004	0.004	0.001
8.10	1.441	0.004	0.004	0.001
8.12	1.438	0.004	0.005	0.001
8.14	1.436	0.004	0.005	0.001
8.16	1.433	0.004	0.006	0.001
8.18	1.430	0.005	0.006	0.001
8.20	1.427	0.006	0.006	0.001
8.22	1.425	0.006	0.006	0.001
8.24	1.421	0.007	0.007	0.001
8.26	1.419	0.009	0.007	0.001
8.28	1.416	0.010	0.007	0.001
8.30	1.413	0.012	0.008	0.002
8.32	1.411	0.014	0.008	0.002
8.34	1.408	0.016	0.009	0.002
8.36	1.406	0.019	0.009	0.002
8.38	1.405	0.021	0.009	0.002
8.40	1.402	0.023	0.009	0.003
8.42	1.400	0.026	0.010	0.003
8.44	1.398	0.029	0.010	0.003
8.46	1.396	0.032	0.010	0.004
8.48	1.394	0.036	0.010	0.004
8.50	1.394	0.040	0.010	0.004
8.52	1.392	0.044	0.010	0.005
8.54	1.393	0.050	0.011	0.006
8.56	1.395	0.054	0.010	0.006
8.58	1.397	0.058	0.010	0.007
8.60	1.399	0.060	0.010	0.007
8.62	1.402	0.064	0.010	0.007
8.64	1.405	0.065	0.009	0.007
8.66	1.407	0.067	0.009	0.008
8.68	1.410	0.068	0.008	0.008
8.70	1.413	0.069	0.008	0.008
8.72	1.416	0.069	0.008	0.008
8.74	1.418	0.068	0.008	0.008
8.76	1.419	0.068	0.007	0.008
8.78	1.422	0.067	0.007	0.007
8.80	1.422	0.066	0.007	0.007
8.82	1.424	0.065	0.007	0.007
8.84	1.423	0.064	0.007	0.007
8.86	1.425	0.064	0.007	0.007
8.88	1.425	0.062	0.007	0.007
8.90	1.424	0.062	0.007	0.007
8.92	1.425	0.061	0.007	0.007
8.94	1.425	0.060	0.007	0.006
8.96	1.424	0.059	0.007	0.006
8.98	1.423	0.058	0.007	0.006
9.00	1.422	0.058	0.007	0.006
9.02	1.422	0.058	0.008	0.006
9.04	1.420	0.056	0.008	0.006
9.06	1.418	0.057	0.008	0.006
9.08	1.417	0.057	0.008	0.006
9.10	1.414	0.058	0.008	0.006
9.12	1.414	0.059	0.009	0.006
9.14	1.412	0.060	0.009	0.006
9.16	1.411	0.060	0.009	0.006
9.18	1.409	0.061	0.009	0.007
9.20	1.408	0.063	0.009	0.007
9.22	1.407	0.063	0.010	0.007
9.24	1.403	0.065	0.010	0.007
9.26	1.402	0.068	0.010	0.007
9.28	1.400	0.070	0.010	0.008
9.30	1.399	0.074	0.011	0.008
9.32	1.398	0.076	0.011	0.008
9.34	1.397	0.080	0.011	0.009
9.36	1.396	0.083	0.011	0.009
9.38	1.395	0.088	0.011	0.010
9.40	1.396	0.091	0.011	0.010
9.42	1.396	0.096	0.011	0.011
9.44	1.398	0.099	0.011	0.011
9.46	1.397	0.104	0.011	0.012
9.48	1.401	0.109	0.010	0.012
9.50	1.403	0.112	0.010	0.013
9.52	1.406	0.116	0.010	0.013
9.54	1.409	0.118	0.010	0.013
9.56	1.411	0.121	0.009	0.013
9.58	1.414	0.125	0.009	0.014
9.60	1.419	0.128	0.008	0.014
9.62	1.423	0.129	0.008	0.014
9.64	1.427	0.132	0.008	0.015
9.66	1.432	0.132	0.007	0.015
9.68	1.434	0.133	0.007	0.015
9.70	1.438	0.135	0.007	0.015
9.72	1.441	0.135	0.006	0.015
9.74	1.446	0.137	0.006	0.015
9.76	1.450	0.135	0.005	0.015
9.78	1.452	0.137	0.005	0.015
9.80	1.456	0.137	0.004	0.015
9.82	1.460	0.137	0.004	0.015
9.84	1.463	0.136	0.004	0.015
9.86	1.465	0.136	0.004	0.015
9.88	1.467	0.137	0.003	0.015
9.90	1.470	0.140	0.003	0.015
9.92	1.476	0.140	0.003	0.015
9.94	1.479	0.141	0.003	0.015
9.96	1.486	0.142	0.002	0.016
9.98	1.491	0.141	0.002	0.015
10.00	1.497	0.141	0.001	0.015
10.02	1.503	0.140	0.002	0.015
10.04	1.510	0.137	0.002	0.015
10.06	1.516	0.134	0.002	0.015
10.08	1.522	0.130	0.003	0.014
10.10	1.528	0.125	0.003	0.014
10.12	1.533	0.119	0.004	0.013
10.14	1.536	0.112	0.004	0.012
10.16	1.539	0.106	0.005	0.011
10.18	1.541	0.099	0.005	0.011
10.20	1.543	0.093	0.005	0.010
10.22	1.544	0.086	0.005	0.009
10.24	1.543	0.079	0.005	0.008
10.26	1.541	0.074	0.005	0.008
10.28	1.540	0.069	0.005	0.007
10.30	1.538	0.064	0.004	0.007
10.32	1.537	0.061	0.004	0.006
10.34	1.536	0.055	0.004	0.006
10.36	1.532	0.051	0.003	0.005
10.38	1.530	0.049	0.003	0.005
10.40	1.528	0.045	0.003	0.004
10.42	1.525	0.043	0.002	0.004
10.44	1.523	0.040	0.002	0.004
10.46	1.520	0.038	0.002	0.004
10.48	1.518	0.037	0.002	0.004
10.50	1.516	0.034	0.001	0.003
10.52	1.513	0.034	0.002	0.003
10.54	1.512	0.032	0.002	0.003
10.56	1.508	0.031	0.001	0.003
10.58	1.507	0.031	0.001	0.003
10.60	1.505	0.030	0.002	0.003
10.62	1.503	0.029	0.001	0.003
10.64	1.501	0.028	0.001	0.003
10.66	1.499	0.028	0.002	0.003
10.68	1.497	0.028	0.002	0.003
10.70	1.496	0.029	0.002	0.003
10.72	1.495	0.028	0.002	0.003
10.74	1.493	0.029	0.002	0.003
10.76	1.493	0.028	0.002	0.003
10.78	1.491	0.028	0.003	0.003
10.80	1.492	0.028	0.003	0.003
10.82	1.490	0.027	0.003	0.003
10.84	1.489	0.028	0.003	0.003
10.86	1.489	0.028	0.003	0.003
10.88	1.489	0.027	0.003	0.003
10.90	1.488	0.026	0.003	0.003
10.92	1.487	0.026	0.003	0.003
10.94	1.487	0.025	0.003	0.003
10.96	1.486	0.024	0.003	0.003
10.98	1.484	0.023	0.003	0.003
11.00	1.482	0.023	0.003	0.003
11.02	1.482	0.023	0.004	0.003
11.04	1.481	0.022	0.003	0.003
11.06	1.480	0.021	0.004	0.002
11.08	1.478	0.020	0.004	0.002
11.10	1.476	0.020	0.004	0.002
11.12	1.474	0.019	0.004	0.002
11.14	1.471	0.019	0.005	0.002
11.16	1.469	0.018	0.005	0.002
11.18	1.465	0.018	0.006	0.002
11.20	1.461	0.019	0.006	0.002
11.22	1.456	0.022	0.007	0.003
11.24	1.454	0.025	0.007	0.003
11.26	1.449	0.029	0.008	0.004
11.28	1.447	0.035	0.007	0.004
11.30	1.445	0.042	0.008	0.005
11.32	1.447	0.050	0.008	0.006
11.34	1.449	0.057	0.008	0.007
11.36	1.455	0.064	0.007	0.008
11.38	1.462	0.068	0.006	0.008
11.40	1.470	0.071	0.005	0.008
11.42	1.478	0.070	0.004	0.008
11.44	1.484	0.070	0.004	0.008
11.46	1.492	0.068	0.003	0.008
11.48	1.498	0.063	0.002	0.007
11.50	1.503	0.058	0.002	0.007
11.52	1.506	0.051	0.002	0.006
11.54	1.507	0.045	0.002	0.006
11.56	1.508	0.039	0.002	0.005
11.58	1.505	0.033	0.002	0.004
11.60	1.503	0.030	0.002	0.004
11.62	1.500	0.027	0.003	0.004
11.64	1.498	0.026	0.002	0.004
11.66	1.497	0.024	0.003	0.003
11.68	1.495	0.023	0.003	0.003
11.70	1.494	0.021	0.003	0.003
11.72	1.492	0.020	0.003	0.003
11.74	1.490	0.020	0.003	0.003
11.76	1.490	0.020	0.003	0.003
11.78	1.489	0.018	0.003	0.003
11.80	1.487	0.018	0.003	0.003
11.82	1.487	0.017	0.004	0.003
11.84	1.485	0.016	0.004	0.002
11.86	1.485	0.016	0.004	0.002
11.88	1.484	0.015	0.004	0.002
11.90	1.483	0.015	0.004	0.002
11.92	1.482	0.014	0.004	0.002
11.94	1.480	0.014	0.004	0.002
11.96	1.480	0.014	0.004	0.002
11.98	1.479	0.013	0.004	0.002
12.00	1.477	0.013	0.005	0.002
12.02	1.477	0.013	0.005	0.002
12.04	1.475	0.013	0.005	0.002
12.06	1.474	0.014	0.005	0.002
12.08	1.474	0.014	0.005	0.002
12.10	1.474	0.014	0.005	0.002
12.12	1.473	0.014	0.005	0.002
12.14	1.473	0.014	0.005	0.002
12.16	1.472	0.014	0.005	0.002
12.18	1.472	0.014	0.005	0.002
12.20	1.471	0.014	0.005	0.002
12.22	1.471	0.014	0.006	0.002
12.24	1.471	0.014	0.005	0.002
12.26	1.470	0.014	0.006	0.002
12.28	1.470	0.014	0.006	0.002
12.30	1.469	0.014	0.006	0.002
12.32	1.469	0.014	0.006	0.002
12.34	1.468	0.014	0.006	0.002
12.36	1.467	0.014	0.006	0.002
12.38	1.467	0.015	0.006	0.003
12.40	1.467	0.015	0.006	0.003
12.42	1.466	0.015	0.006	0.003
12.44	1.465	0.016	0.006	0.003
12.46	1.466	0.017	0.006	0.003
12.48	1.467	0.017	0.006	0.003
12.50	1.467	0.017	0.006	0.003
12.52	1.467	0.017	0.006	0.003
12.54	1.467	0.017	0.006	0.003
12.56	1.467	0.017	0.006	0.003
12.58	1.468	0.017	0.006	0.003
12.60	1.468	0.016	0.006	0.003
12.62	1.468	0.015	0.006	0.003
12.64	1.467	0.015	0.006	0.003
12.66	1.467	0.015	0.006	0.003
12.68	1.467	0.015	0.006	0.003
12.70	1.467	0.014	0.006	0.002
12.72	1.466	0.014	0.006	0.002
12.74	1.466	0.014	0.007	0.003
12.76	1.466	0.014	0.007	0.003
12.78	1.466	0.014	0.007	0.003
12.80	1.465	0.014	0.007	0.003
12.82	1.465	0.014	0.007	0.003
12.84	1.466	0.014	0.007	0.003
12.86	1.466	0.013	0.007	0.002
12.88	1.465	0.013	0.007	0.002
12.90	1.465	0.013	0.007	0.003
12.92	1.465	0.012	0.007	0.002
12.94	1.464	0.012	0.007	0.002
12.96	1.464	0.012	0.007	0.002
12.98	1.463	0.012	0.007	0.002
13.00	1.463	0.012	0.007	0.002
13.02	1.463	0.012	0.007	0.002
13.04	1.463	0.012	0.007	0.002
13.06	1.463	0.012	0.007	0.002
13.08	1.462	0.012	0.007	0.002
13.10	1.462	0.012	0.007	0.002
13.12	1.462	0.012	0.007	0.002
13.14	1.463	0.012	0.007	0.002
13.16	1.463	0.011	0.007	0.002
13.18	1.462	0.011	0.008	0.002
13.20	1.462	0.011	0.008	0.002
13.22	1.461	0.011	0.008	0.002
13.24	1.462	0.011	0.007	0.002
13.26	1.462	0.010	0.008	0.002
13.28	1.461	0.010	0.008	0.002
13.30	1.461	0.010	0.008	0.002
13.32	1.461	0.010	0.008	0.002
13.34	1.461	0.009	0.008	0.002
13.36	1.460	0.009	0.008	0.002
13.38	1.460	0.009	0.008	0.002
13.40	1.459	0.009	0.008	0.002
13.42	1.459	0.009	0.008	0.002
13.44	1.459	0.009	0.008	0.002
13.46	1.458	0.009	0.009	0.002
13.48	1.458	0.009	0.009	0.002
13.50	1.458	0.009	0.009	0.002
13.52	1.458	0.009	0.009	0.002
13.54	1.458	0.009	0.009	0.002
13.56	1.458	0.009	0.009	0.002
13.58	1.458	0.009	0.009	0.002
13.60	1.458	0.008	0.009	0.002
13.62	1.458	0.008	0.009	0.002
13.64	1.458	0.007	0.009	0.002
13.66	1.457	0.007	0.009	0.002
13.68	1.457	0.006	0.009	0.002
13.70	1.455	0.006	0.009	0.002
13.72	1.455	0.007	0.010	0.002
13.74	1.455	0.008	0.010	0.002
13.76	1.457	0.007	0.010	0.002
13.78	1.456	0.006	0.010	0.002
13.80	1.456	0.006	0.011	0.002
13.82	1.454	0.005	0.011	0.002
13.84	1.454	0.006	0.011	0.002
13.86	1.454	0.005	0.011	0.002
13.88	1.454	0.006	0.012	0.003
13.90	1.455	0.004	0.011	0.003
13.92	1.452	0.003	0.012	0.003
13.94	1.451	0.005	0.011	0.003
13.96	1.452	0.005	0.012	0.003
13.98	1.451	0.005	0.011	0.004
14.00	1.451	0.005	0.012	0.004
14.02	1.450	0.005	0.012	0.004
14.04	1.451	0.006	0.012	0.004
14.06	1.452	0.005	0.012	0.004
14.08	1.450	0.004	0.012	0.004
14.10	1.449	0.005	0.011	0.004
14.12	1.451	0.005	0.012	0.004
14.14	1.450	0.003	0.012	0.004
14.16	1.448	0.005	0.012	0.004
14.18	1.451	0.005	0.012	0.004
14.20	1.448	0.002	0.012	0.004
14.22	1.447	0.005	0.012	0.004
14.24	1.448	0.003	0.013	0.004
14.26	1.445	0.004	0.013	0.004
14.28	1.447	0.005	0.013	0.004
14.30	1.446	0.004	0.013	0.002
14.32	1.447	0.005	0.014	0.002
14.34	1.446	0.003	0.013	0.002
14.36	1.444	0.005	0.014	0.002
14.38	1.445	0.005	0.014	0.002
14.40	1.445	0.005	0.014	0.002
14.42	1.445	0.005	0.014	0.002
14.44	1.444	0.005	0.015	0.002
14.46	1.444	0.005	0.014	0.002
14.48	1.444	0.005	0.015	0.002
14.50	1.444	0.005	0.014	0.002
14.52	1.444	0.005	0.015	0.002
14.54	1.443	0.005	0.014	0.002
14.56	1.443	0.005	0.015	0.002
14.58	1.443	0.005	0.014	0.002
14.60	1.443	0.005	0.014	0.002
14.62	1.443	0.005	0.013	0.002
14.64	1.442	0.005	0.014	0.002
14.66	1.442	0.005	0.013	0.002
14.68	1.442	0.005	0.014	0.002
14.70	1.442	0.005	0.013	0.002
14.72	1.441	0.005	0.014	0.002
14.74	1.441	0.005	0.013	0.002
14.76	1.441	0.005	0.015	0.002
14.78	1.441	0.005	0.014	0.002
14.80	1.440	0.005	0.016	0.002
14.82	1.440	0.005	0.014	0.002
14.84	1.440	0.005	0.016	0.002
14.86	1.440	0.005	0.013	0.002
14.88	1.440	0.005	0.015	0.002
14.90	1.439	0.005	0.010	0.002
14.92	1.439	0.005	0.014	0.002
14.94	1.439	0.005	0.007	0.002
14.96	1.439	0.005	0.016	0.002
14.98	1.438	0.005	0.005	0.002
15.00	1.438	0.005	0.035	0.002