wavelength(microns)	real_part(n)	imaginary_part(k)	standard_deviation(n)	standard_deviation(k)
3.00	1.476	0.005	0.077	0.002
3.02	1.460	0.005	0.259	0.002
3.04	1.459	0.005	0.020	0.002
3.06	1.454	0.005	0.078	0.002
3.08	1.454	0.005	0.007	0.002
3.10	1.450	0.005	0.044	0.002
3.12	1.450	0.005	0.005	0.002
3.14	1.447	0.005	0.030	0.002
3.16	1.447	0.005	0.004	0.002
3.18	1.445	0.005	0.022	0.002
3.20	1.444	0.005	0.004	0.002
3.22	1.442	0.005	0.017	0.002
3.24	1.442	0.005	0.005	0.002
3.26	1.441	0.005	0.013	0.002
3.28	1.440	0.005	0.006	0.002
3.30	1.439	0.005	0.010	0.002
3.32	1.439	0.005	0.007	0.002
3.34	1.437	0.005	0.008	0.002
3.36	1.437	0.005	0.008	0.002
3.38	1.436	0.005	0.005	0.002
3.40	1.436	0.005	0.008	0.002
3.42	1.435	0.005	0.004	0.002
3.44	1.434	0.005	0.009	0.002
3.46	1.433	0.005	0.003	0.002
3.48	1.433	0.005	0.010	0.002
3.50	1.432	0.005	0.003	0.002
3.52	1.432	0.005	0.011	0.002
3.54	1.431	0.005	0.003	0.002
3.56	1.431	0.005	0.011	0.002
3.58	1.430	0.005	0.004	0.002
3.60	1.429	0.005	0.012	0.002
3.62	1.428	0.005	0.005	0.002
3.64	1.428	0.005	0.012	0.002
3.66	1.427	0.005	0.005	0.002
3.68	1.427	0.005	0.012	0.002
3.70	1.426	0.005	0.006	0.002
3.72	1.426	0.005	0.012	0.002
3.74	1.425	0.005	0.006	0.002
3.76	1.425	0.005	0.012	0.002
3.78	1.424	0.005	0.007	0.002
3.80	1.424	0.005	0.013	0.002
3.82	1.423	0.005	0.007	0.002
3.84	1.423	0.005	0.013	0.002
3.86	1.422	0.005	0.007	0.002
3.88	1.422	0.005	0.013	0.002
3.90	1.421	0.005	0.008	0.002
3.92	1.421	0.005	0.013	0.002
3.94	1.420	0.005	0.008	0.002
3.96	1.420	0.005	0.014	0.002
3.98	1.419	0.005	0.008	0.002
4.00	1.419	0.005	0.014	0.002
4.02	1.418	0.005	0.009	0.002
4.04	1.418	0.005	0.015	0.002
4.06	1.417	0.005	0.010	0.002
4.08	1.417	0.005	0.015	0.002
4.10	1.416	0.005	0.011	0.002
4.12	1.416	0.005	0.016	0.002
4.14	1.415	0.005	0.011	0.002
4.16	1.415	0.005	0.016	0.002
4.18	1.414	0.005	0.011	0.002
4.20	1.414	0.005	0.016	0.002
4.22	1.413	0.005	0.011	0.002
4.24	1.413	0.005	0.016	0.002
4.26	1.412	0.005	0.011	0.002
4.28	1.412	0.005	0.015	0.002
4.30	1.411	0.005	0.011	0.002
4.32	1.411	0.005	0.015	0.002
4.34	1.410	0.005	0.011	0.002
4.36	1.410	0.005	0.015	0.002
4.38	1.410	0.005	0.011	0.002
4.40	1.409	0.005	0.016	0.002
4.42	1.409	0.005	0.012	0.002
4.44	1.408	0.005	0.016	0.002
4.46	1.408	0.005	0.012	0.002
4.48	1.408	0.005	0.017	0.002
4.50	1.407	0.005	0.013	0.002
4.52	1.407	0.005	0.016	0.002
4.54	1.406	0.005	0.013	0.002
4.56	1.406	0.005	0.017	0.002
4.58	1.405	0.005	0.014	0.002
4.60	1.405	0.005	0.017	0.002
4.62	1.404	0.005	0.014	0.002
4.64	1.404	0.005	0.018	0.002
4.66	1.403	0.005	0.014	0.002
4.68	1.403	0.005	0.018	0.002
4.70	1.402	0.005	0.015	0.002
4.72	1.402	0.005	0.018	0.002
4.74	1.401	0.005	0.015	0.002
4.76	1.401	0.005	0.018	0.002
4.78	1.400	0.005	0.016	0.002
4.80	1.400	0.005	0.019	0.002
4.82	1.399	0.005	0.016	0.002
4.84	1.399	0.005	0.019	0.002
4.86	1.398	0.005	0.016	0.002
4.88	1.398	0.005	0.019	0.002
4.90	1.397	0.005	0.016	0.002
4.92	1.397	0.005	0.020	0.002
4.94	1.396	0.005	0.016	0.002
4.96	1.396	0.005	0.020	0.002
4.98	1.395	0.005	0.017	0.002
5.00	1.395	0.005	0.020	0.002
5.02	1.394	0.005	0.017	0.002
5.04	1.394	0.005	0.020	0.002
5.06	1.393	0.005	0.018	0.002
5.08	1.393	0.005	0.021	0.002
5.10	1.392	0.005	0.018	0.002
5.12	1.392	0.005	0.021	0.002
5.14	1.391	0.005	0.019	0.002
5.16	1.391	0.005	0.022	0.002
5.18	1.390	0.005	0.019	0.002
5.20	1.390	0.005	0.022	0.002
5.22	1.389	0.005	0.020	0.002
5.24	1.389	0.005	0.022	0.002
5.26	1.388	0.005	0.020	0.002
5.28	1.388	0.005	0.022	0.002
5.30	1.387	0.005	0.020	0.002
5.32	1.387	0.005	0.023	0.002
5.34	1.386	0.005	0.021	0.002
5.36	1.385	0.005	0.023	0.002
5.38	1.385	0.005	0.021	0.002
5.40	1.384	0.005	0.023	0.002
5.42	1.383	0.005	0.021	0.002
5.44	1.383	0.005	0.024	0.002
5.46	1.382	0.005	0.022	0.002
5.48	1.382	0.005	0.024	0.002
5.50	1.381	0.005	0.022	0.002
5.52	1.381	0.005	0.025	0.002
5.54	1.380	0.005	0.022	0.002
5.56	1.379	0.005	0.025	0.002
5.58	1.378	0.005	0.023	0.002
5.60	1.378	0.005	0.025	0.002
5.62	1.377	0.005	0.023	0.002
5.64	1.377	0.005	0.025	0.002
5.66	1.376	0.005	0.023	0.002
5.68	1.375	0.005	0.026	0.002
5.70	1.374	0.005	0.024	0.002
5.72	1.374	0.005	0.026	0.002
5.74	1.373	0.005	0.025	0.002
5.76	1.372	0.005	0.027	0.002
5.78	1.371	0.005	0.025	0.002
5.80	1.370	0.005	0.027	0.002
5.82	1.369	0.005	0.025	0.002
5.84	1.368	0.005	0.027	0.002
5.86	1.368	0.005	0.025	0.002
5.88	1.366	0.005	0.027	0.002
5.90	1.365	0.006	0.025	0.002
5.92	1.364	0.006	0.027	0.002
5.94	1.364	0.007	0.026	0.002
5.96	1.363	0.005	0.027	0.002
5.98	1.360	0.007	0.025	0.002
6.00	1.360	0.008	0.026	0.002
6.02	1.359	0.009	0.025	0.006
6.04	1.359	0.009	0.026	0.006
6.06	1.357	0.009	0.025	0.006
6.08	1.357	0.010	0.026	0.006
6.10	1.357	0.010	0.024	0.006
6.12	1.355	0.009	0.025	0.005
6.14	1.353	0.011	0.024	0.005
6.16	1.353	0.012	0.025	0.004
6.18	1.352	0.011	0.025	0.004
6.20	1.349	0.012	0.027	0.004
6.22	1.350	0.015	0.026	0.004
6.24	1.350	0.013	0.027	0.004
6.26	1.347	0.013	0.027	0.003
6.28	1.344	0.014	0.029	0.004
6.30	1.343	0.018	0.028	0.004
6.32	1.344	0.019	0.030	0.004
6.34	1.343	0.021	0.029	0.004
6.36	1.343	0.020	0.031	0.005
6.38	1.339	0.023	0.031	0.005
6.40	1.342	0.026	0.032	0.006
6.42	1.341	0.026	0.031	0.006
6.44	1.341	0.027	0.032	0.006
6.46	1.340	0.029	0.031	0.006
6.48	1.341	0.030	0.032	0.008
6.50	1.339	0.032	0.031	0.008
6.52	1.341	0.034	0.031	0.008
6.54	1.341	0.034	0.030	0.008
6.56	1.340	0.036	0.032	0.009
6.58	1.341	0.038	0.030	0.009
6.60	1.342	0.038	0.031	0.009
6.62	1.341	0.041	0.030	0.010
6.64	1.345	0.042	0.030	0.010
6.66	1.343	0.042	0.030	0.010
6.68	1.346	0.045	0.030	0.010
6.70	1.347	0.044	0.029	0.010
6.72	1.348	0.045	0.029	0.011
6.74	1.348	0.045	0.028	0.010
6.76	1.350	0.046	0.029	0.011
6.78	1.350	0.045	0.028	0.010
6.80	1.352	0.048	0.029	0.011
6.82	1.355	0.046	0.027	0.010
6.84	1.354	0.045	0.028	0.010
6.86	1.355	0.046	0.027	0.010
6.88	1.357	0.046	0.028	0.010
6.90	1.358	0.046	0.026	0.010
6.92	1.361	0.044	0.027	0.009
6.94	1.360	0.043	0.027	0.009
6.96	1.363	0.043	0.027	0.009
6.98	1.364	0.038	0.026	0.008
7.00	1.362	0.037	0.027	0.008
7.02	1.361	0.036	0.026	0.007
7.04	1.361	0.036	0.027	0.007
7.06	1.362	0.036	0.027	0.007
7.08	1.363	0.033	0.027	0.007
7.10	1.360	0.032	0.026	0.007
7.12	1.362	0.032	0.027	0.007
7.14	1.361	0.028	0.026	0.006
7.16	1.360	0.029	0.027	0.005
7.18	1.361	0.026	0.027	0.005
7.20	1.358	0.025	0.028	0.005
7.22	1.358	0.025	0.027	0.005
7.24	1.357	0.024	0.028	0.004
7.26	1.358	0.023	0.027	0.004
7.28	1.357	0.019	0.028	0.004
7.30	1.352	0.018	0.029	0.004
7.32	1.352	0.019	0.030	0.003
7.34	1.351	0.017	0.030	0.003
7.36	1.348	0.017	0.031	0.003
7.38	1.347	0.016	0.030	0.003
7.40	1.345	0.017	0.031	0.003
7.42	1.348	0.017	0.031	0.003
7.44	1.345	0.012	0.032	0.003
7.46	1.342	0.014	0.032	0.002
7.48	1.342	0.012	0.033	0.002
7.50	1.339	0.011	0.033	0.003
7.52	1.336	0.010	0.033	0.002
7.54	1.334	0.012	0.033	0.002
7.56	1.334	0.010	0.034	0.003
7.58	1.331	0.010	0.034	0.002
7.60	1.331	0.010	0.035	0.002
7.62	1.329	0.009	0.035	0.002
7.64	1.327	0.008	0.035	0.002
7.66	1.325	0.007	0.036	0.001
7.68	1.321	0.005	0.037	0.001
7.70	1.317	0.009	0.038	0.002
7.72	1.319	0.009	0.038	0.002
7.74	1.316	0.009	0.038	0.002
7.76	1.319	0.009	0.038	0.002
7.78	1.315	0.003	0.039	0.001
7.80	1.310	0.003	0.039	0.001
7.82	1.307	0.003	0.040	0.001
7.84	1.302	0.003	0.041	0.001
7.86	1.298	0.008	0.042	0.002
7.88	1.303	0.008	0.041	0.002
7.90	1.297	0.003	0.042	0.001
7.92	1.295	0.008	0.043	0.002
7.94	1.295	0.003	0.043	0.001
7.96	1.289	0.003	0.044	0.001
7.98	1.286	0.003	0.045	0.001
8.00	1.282	0.003	0.045	0.001
8.02	1.277	0.003	0.046	0.001
8.04	1.273	0.008	0.047	0.002
8.06	1.274	0.008	0.047	0.002
8.08	1.269	0.007	0.048	0.002
8.10	1.268	0.009	0.049	0.002
8.12	1.265	0.007	0.049	0.001
8.14	1.260	0.007	0.051	0.001
8.16	1.255	0.008	0.051	0.002
8.18	1.250	0.010	0.053	0.002
8.20	1.248	0.012	0.053	0.002
8.22	1.243	0.011	0.055	0.002
8.24	1.237	0.015	0.056	0.003
8.26	1.236	0.016	0.056	0.003
8.28	1.230	0.017	0.057	0.003
8.30	1.225	0.020	0.059	0.004
8.32	1.221	0.024	0.059	0.004
8.34	1.219	0.026	0.060	0.005
8.36	1.213	0.028	0.061	0.006
8.38	1.210	0.030	0.062	0.006
8.40	1.203	0.032	0.063	0.007
8.42	1.200	0.038	0.064	0.008
8.44	1.195	0.039	0.065	0.008
8.46	1.189	0.045	0.066	0.010
8.48	1.187	0.050	0.066	0.010
8.50	1.183	0.054	0.068	0.011
8.52	1.179	0.058	0.069	0.013
8.54	1.175	0.063	0.070	0.014
8.56	1.172	0.068	0.070	0.014
8.58	1.170	0.073	0.071	0.015
8.60	1.166	0.076	0.071	0.017
8.62	1.161	0.081	0.073	0.018
8.64	1.158	0.088	0.073	0.019
8.66	1.155	0.093	0.075	0.021
8.68	1.152	0.099	0.074	0.022
8.70	1.150	0.105	0.076	0.023
8.72	1.147	0.109	0.075	0.025
8.74	1.143	0.115	0.077	0.026
8.76	1.141	0.124	0.077	0.027
8.78	1.142	0.128	0.078	0.029
8.80	1.135	0.132	0.078	0.031
8.82	1.133	0.141	0.079	0.032
8.84	1.130	0.147	0.079	0.033
8.86	1.128	0.157	0.080	0.035
8.88	1.129	0.162	0.079	0.037
8.90	1.125	0.168	0.081	0.039
8.92	1.124	0.179	0.080	0.040
8.94	1.126	0.184	0.080	0.041
8.96	1.123	0.191	0.080	0.043
8.98	1.125	0.198	0.080	0.045
9.00	1.121	0.202	0.080	0.046
9.02	1.121	0.212	0.080	0.047
9.04	1.121	0.216	0.080	0.048
9.06	1.119	0.223	0.081	0.050
9.08	1.118	0.228	0.080	0.051
9.10	1.115	0.234	0.082	0.053
9.12	1.110	0.241	0.082	0.054
9.14	1.108	0.250	0.083	0.056
9.16	1.104	0.256	0.083	0.057
9.18	1.099	0.265	0.085	0.059
9.20	1.091	0.274	0.085	0.061
9.22	1.085	0.289	0.087	0.064
9.24	1.080	0.301	0.087	0.066
9.26	1.075	0.318	0.089	0.070
9.28	1.071	0.333	0.088	0.074
9.30	1.067	0.354	0.090	0.078
9.32	1.065	0.373	0.089	0.082
9.34	1.064	0.398	0.089	0.087
9.36	1.068	0.420	0.087	0.090
9.38	1.070	0.445	0.088	0.095
9.40	1.078	0.471	0.085	0.099
9.42	1.088	0.497	0.085	0.104
9.44	1.101	0.522	0.081	0.108
9.46	1.115	0.549	0.080	0.113
9.48	1.135	0.573	0.076	0.117
9.50	1.154	0.596	0.075	0.123
9.52	1.179	0.618	0.070	0.127
9.54	1.202	0.637	0.068	0.132
9.56	1.230	0.659	0.062	0.138
9.58	1.261	0.675	0.058	0.142
9.60	1.293	0.692	0.050	0.148
9.62	1.331	0.706	0.043	0.153
9.64	1.372	0.713	0.031	0.156
9.66	1.413	0.712	0.024	0.156
9.68	1.450	0.708	0.016	0.155
9.70	1.486	0.700	0.013	0.153
9.72	1.520	0.690	0.013	0.153
9.74	1.553	0.676	0.015	0.149
9.76	1.581	0.661	0.022	0.148
9.78	1.610	0.645	0.026	0.144
9.80	1.637	0.625	0.034	0.140
9.82	1.660	0.601	0.037	0.134
9.84	1.674	0.580	0.040	0.131
9.86	1.694	0.563	0.044	0.128
9.88	1.710	0.540	0.049	0.124
9.90	1.724	0.520	0.051	0.119
9.92	1.736	0.498	0.055	0.115
9.94	1.746	0.480	0.057	0.112
9.96	1.758	0.463	0.062	0.109
9.98	1.776	0.443	0.066	0.106
10.00	1.786	0.414	0.074	0.098
10.02	1.792	0.388	0.075	0.087
10.04	1.793	0.362	0.076	0.080
10.06	1.796	0.340	0.075	0.072
10.08	1.792	0.315	0.075	0.066
10.10	1.791	0.298	0.072	0.060
10.12	1.786	0.275	0.071	0.054
10.14	1.782	0.261	0.069	0.050
10.16	1.777	0.240	0.068	0.045
10.18	1.771	0.228	0.064	0.042
10.20	1.766	0.208	0.063	0.038
10.22	1.757	0.198	0.059	0.035
10.24	1.751	0.181	0.058	0.032
10.26	1.739	0.173	0.054	0.030
10.28	1.735	0.162	0.054	0.027
10.30	1.725	0.152	0.050	0.026
10.32	1.718	0.143	0.049	0.024
10.34	1.710	0.137	0.045	0.023
10.36	1.704	0.129	0.045	0.021
10.38	1.697	0.123	0.042	0.020
10.40	1.689	0.113	0.042	0.019
10.42	1.679	0.112	0.037	0.017
10.44	1.677	0.105	0.038	0.017
10.46	1.667	0.101	0.035	0.016
10.48	1.663	0.096	0.035	0.015
10.50	1.654	0.093	0.031	0.015
10.52	1.650	0.090	0.032	0.014
10.54	1.644	0.087	0.028	0.014
10.56	1.639	0.083	0.029	0.014
10.58	1.632	0.081	0.026	0.014
10.60	1.628	0.077	0.027	0.013
10.62	1.620	0.076	0.023	0.013
10.64	1.617	0.075	0.024	0.013
10.66	1.610	0.074	0.021	0.013
10.68	1.608	0.074	0.022	0.012
10.70	1.604	0.071	0.020	0.012
10.72	1.598	0.070	0.020	0.012
10.74	1.594	0.073	0.018	0.012
10.76	1.593	0.071	0.019	0.011
10.78	1.589	0.071	0.016	0.011
10.80	1.588	0.070	0.017	0.011
10.82	1.584	0.069	0.015	0.011
10.84	1.582	0.069	0.016	0.011
10.86	1.579	0.069	0.014	0.011
10.88	1.578	0.069	0.015	0.011
10.90	1.577	0.068	0.013	0.011
10.92	1.575	0.066	0.014	0.011
10.94	1.572	0.066	0.012	0.011
10.96	1.572	0.066	0.014	0.011
10.98	1.571	0.065	0.012	0.011
11.00	1.570	0.062	0.013	0.010
11.02	1.568	0.062	0.011	0.010
11.04	1.568	0.059	0.013	0.010
11.06	1.564	0.058	0.010	0.009
11.08	1.564	0.057	0.012	0.009
11.10	1.563	0.054	0.009	0.009
11.12	1.560	0.050	0.011	0.009
11.14	1.555	0.050	0.008	0.008
11.16	1.554	0.049	0.009	0.009
11.18	1.550	0.048	0.007	0.008
11.20	1.550	0.048	0.008	0.008
11.22	1.547	0.045	0.006	0.008
11.24	1.542	0.045	0.007	0.008
11.26	1.539	0.047	0.005	0.008
11.28	1.538	0.046	0.006	0.007
11.30	1.534	0.047	0.004	0.008
11.32	1.533	0.048	0.005	0.008
11.34	1.530	0.050	0.003	0.009
11.36	1.531	0.052	0.005	0.009
11.38	1.530	0.052	0.003	0.009
11.40	1.530	0.054	0.004	0.009
11.42	1.533	0.054	0.004	0.009
11.44	1.532	0.052	0.004	0.009
11.46	1.532	0.053	0.003	0.009
11.48	1.533	0.051	0.005	0.009
11.50	1.534	0.051	0.003	0.009
11.52	1.534	0.047	0.005	0.008
11.54	1.534	0.047	0.003	0.008
11.56	1.534	0.041	0.004	0.007
11.58	1.530	0.042	0.002	0.007
11.60	1.532	0.038	0.003	0.007
11.62	1.525	0.036	0.001	0.007
11.64	1.526	0.038	0.003	0.006
11.66	1.525	0.036	0.001	0.006
11.68	1.524	0.033	0.002	0.006
11.70	1.520	0.032	0.001	0.006
11.72	1.519	0.032	0.001	0.006
11.74	1.516	0.032	0.001	0.006
11.76	1.516	0.032	0.001	0.006
11.78	1.514	0.030	0.002	0.006
11.80	1.512	0.030	0.001	0.006
11.82	1.510	0.030	0.003	0.006
11.84	1.509	0.030	0.002	0.005
11.86	1.507	0.030	0.003	0.006
11.88	1.507	0.029	0.002	0.005
11.90	1.504	0.028	0.004	0.006
11.92	1.503	0.028	0.003	0.006
11.94	1.501	0.028	0.004	0.006
11.96	1.500	0.028	0.003	0.005
11.98	1.498	0.028	0.005	0.006
12.00	1.498	0.029	0.004	0.005
12.02	1.497	0.028	0.005	0.005
12.04	1.495	0.027	0.004	0.006
12.06	1.493	0.028	0.007	0.005
12.08	1.493	0.027	0.005	0.006
12.10	1.489	0.028	0.007	0.005
12.12	1.490	0.030	0.005	0.005
12.14	1.489	0.028	0.007	0.005
12.16	1.488	0.029	0.006	0.005
12.18	1.488	0.028	0.008	0.005
12.20	1.485	0.027	0.006	0.006
12.22	1.483	0.029	0.008	0.005
12.24	1.484	0.029	0.007	0.005
12.26	1.481	0.028	0.009	0.005
12.28	1.479	0.029	0.007	0.005
12.30	1.478	0.030	0.010	0.005
12.32	1.477	0.031	0.009	0.006
12.34	1.476	0.033	0.010	0.006
12.36	1.477	0.033	0.009	0.006
12.38	1.475	0.033	0.011	0.006
12.40	1.475	0.034	0.009	0.006
12.42	1.474	0.035	0.011	0.007
12.44	1.473	0.036	0.010	0.007
12.46	1.474	0.038	0.010	0.007
12.48	1.475	0.038	0.009	0.007
12.50	1.475	0.038	0.010	0.007
12.52	1.475	0.038	0.009	0.007
12.54	1.475	0.038	0.010	0.007
12.56	1.475	0.038	0.009	0.007
12.58	1.475	0.038	0.010	0.007
12.60	1.476	0.037	0.009	0.007
12.62	1.475	0.037	0.011	0.007
12.64	1.475	0.037	0.009	0.007
12.66	1.474	0.036	0.011	0.007
12.68	1.473	0.036	0.010	0.007
12.70	1.472	0.037	0.011	0.007
12.72	1.473	0.037	0.010	0.007
12.74	1.472	0.037	0.011	0.007
12.76	1.472	0.037	0.011	0.007
12.78	1.472	0.038	0.012	0.007
12.80	1.472	0.038	0.011	0.007
12.82	1.472	0.038	0.012	0.007
12.84	1.473	0.038	0.011	0.007
12.86	1.474	0.038	0.011	0.007
12.88	1.474	0.036	0.010	0.007
12.90	1.473	0.036	0.011	0.007
12.92	1.473	0.035	0.010	0.007
12.94	1.472	0.035	0.012	0.007
12.96	1.473	0.034	0.011	0.006
12.98	1.471	0.034	0.012	0.007
13.00	1.472	0.034	0.011	0.007
13.02	1.471	0.033	0.012	0.006
13.04	1.471	0.033	0.012	0.006
13.06	1.472	0.033	0.013	0.006
13.08	1.472	0.029	0.012	0.007
13.10	1.468	0.029	0.013	0.007
13.12	1.468	0.029	0.013	0.007
13.14	1.464	0.029	0.014	0.007
13.16	1.464	0.032	0.013	0.006
13.18	1.465	0.032	0.014	0.006
13.20	1.465	0.032	0.013	0.006
13.22	1.465	0.032	0.014	0.006
13.24	1.464	0.031	0.013	0.006
13.26	1.463	0.032	0.015	0.006
13.28	1.464	0.032	0.014	0.006
13.30	1.463	0.032	0.015	0.006
13.32	1.463	0.032	0.014	0.007
13.34	1.464	0.032	0.015	0.007
13.36	1.464	0.030	0.014	0.006
13.38	1.462	0.030	0.015	0.006
13.40	1.462	0.030	0.015	0.006
13.42	1.461	0.030	0.015	0.006
13.44	1.461	0.030	0.015	0.006
13.46	1.460	0.030	0.015	0.006
13.48	1.460	0.030	0.015	0.006
13.50	1.459	0.030	0.016	0.006
13.52	1.459	0.030	0.016	0.006
13.54	1.458	0.030	0.016	0.006
13.56	1.458	0.030	0.016	0.006
13.58	1.458	0.030	0.016	0.006
13.60	1.458	0.030	0.016	0.006
13.62	1.457	0.030	0.017	0.006
13.64	1.457	0.030	0.017	0.006
13.66	1.456	0.030	0.017	0.006
13.68	1.456	0.030	0.017	0.006
13.70	1.455	0.030	0.017	0.006
13.72	1.455	0.030	0.018	0.006
13.74	1.454	0.030	0.018	0.006
13.76	1.454	0.031	0.018	0.007
13.78	1.454	0.031	0.018	0.007
13.80	1.454	0.031	0.018	0.007
13.82	1.454	0.031	0.018	0.007
13.84	1.454	0.031	0.019	0.007
13.86	1.453	0.031	0.019	0.007
13.88	1.453	0.032	0.019	0.007
13.90	1.453	0.032	0.019	0.007
13.92	1.453	0.032	0.020	0.007
13.94	1.452	0.032	0.019	0.007
13.96	1.453	0.033	0.020	0.008
13.98	1.453	0.033	0.019	0.008
14.00	1.454	0.033	0.020	0.008
14.02	1.454	0.033	0.019	0.008
14.04	1.455	0.033	0.021	0.008
14.06	1.455	0.032	0.020	0.008
14.08	1.456	0.032	0.021	0.008
14.10	1.457	0.031	0.020	0.008
14.12	1.457	0.029	0.022	0.009
14.14	1.455	0.028	0.020	0.009
14.16	1.456	0.028	0.022	0.009
14.18	1.456	0.025	0.020	0.009
14.20	1.453	0.024	0.022	0.009
14.22	1.451	0.023	0.021	0.009
14.24	1.449	0.024	0.023	0.010
14.26	1.448	0.025	0.021	0.010
14.28	1.446	0.026	0.024	0.010
14.30	1.445	0.028	0.021	0.010
14.32	1.446	0.030	0.024	0.010
14.34	1.447	0.030	0.021	0.010
14.36	1.448	0.030	0.024	0.010
14.38	1.448	0.030	0.022	0.010
14.40	1.448	0.030	0.025	0.011
14.42	1.448	0.030	0.022	0.011
14.44	1.448	0.030	0.026	0.011
14.46	1.448	0.030	0.022	0.011
14.48	1.448	0.030	0.027	0.012
14.50	1.448	0.030	0.022	0.012
14.52	1.448	0.030	0.027	0.012
14.54	1.448	0.030	0.022	0.012
14.56	1.448	0.030	0.028	0.012
14.58	1.448	0.030	0.023	0.012
14.60	1.448	0.030	0.029	0.012
14.62	1.448	0.030	0.023	0.012
14.64	1.449	0.030	0.031	0.012
14.66	1.449	0.030	0.024	0.012
14.68	1.449	0.030	0.033	0.012
14.70	1.449	0.030	0.025	0.012
14.72	1.449	0.030	0.035	0.012
14.74	1.449	0.030	0.027	0.012
14.76	1.450	0.030	0.039	0.013
14.78	1.450	0.030	0.028	0.013
14.80	1.451	0.030	0.043	0.014
14.82	1.451	0.030	0.030	0.014
14.84	1.452	0.030	0.048	0.016
14.86	1.452	0.030	0.032	0.016
14.88	1.454	0.030	0.056	0.016
14.90	1.453	0.030	0.037	0.016
14.92	1.456	0.030	0.072	0.016
14.94	1.456	0.030	0.047	0.016
14.96	1.461	0.030	0.107	0.016
14.98	1.461	0.030	0.100	0.016
15.00	1.476	0.030	0.100	0.016