wavelength(microns)	real_part(n)	imaginary_part(k)	standard_deviation(n)	standard_deviation(k)
3.00	1.435	0.005	0.020	0.003
3.02	1.437	0.005	0.010	0.003
3.04	1.436	0.005	0.009	0.003
3.06	1.436	0.005	0.006	0.003
3.08	1.435	0.005	0.006	0.003
3.10	1.435	0.005	0.006	0.007
3.12	1.434	0.005	0.005	0.010
3.14	1.434	0.005	0.006	0.009
3.16	1.433	0.005	0.005	0.008
3.18	1.433	0.005	0.006	0.008
3.20	1.432	0.005	0.005	0.007
3.22	1.431	0.005	0.005	0.006
3.24	1.431	0.005	0.005	0.005
3.26	1.430	0.005	0.005	0.005
3.28	1.429	0.005	0.005	0.004
3.30	1.429	0.005	0.005	0.004
3.32	1.428	0.005	0.004	0.004
3.34	1.428	0.005	0.004	0.003
3.36	1.427	0.005	0.004	0.003
3.38	1.427	0.005	0.004	0.003
3.40	1.426	0.005	0.004	0.003
3.42	1.425	0.005	0.004	0.003
3.44	1.425	0.005	0.004	0.003
3.46	1.424	0.005	0.003	0.002
3.48	1.424	0.005	0.004	0.002
3.50	1.423	0.005	0.004	0.002
3.52	1.423	0.005	0.004	0.002
3.54	1.422	0.005	0.004	0.002
3.56	1.422	0.005	0.004	0.002
3.58	1.421	0.005	0.004	0.002
3.60	1.421	0.005	0.004	0.002
3.62	1.420	0.005	0.004	0.002
3.64	1.419	0.005	0.004	0.002
3.66	1.419	0.005	0.004	0.002
3.68	1.418	0.005	0.004	0.002
3.70	1.418	0.005	0.004	0.002
3.72	1.417	0.005	0.004	0.002
3.74	1.417	0.005	0.004	0.002
3.76	1.416	0.005	0.004	0.002
3.78	1.416	0.005	0.004	0.002
3.80	1.415	0.005	0.004	0.001
3.82	1.415	0.005	0.004	0.001
3.84	1.414	0.005	0.004	0.001
3.86	1.414	0.005	0.004	0.001
3.88	1.413	0.005	0.004	0.001
3.90	1.413	0.005	0.004	0.001
3.92	1.412	0.005	0.004	0.001
3.94	1.412	0.005	0.004	0.001
3.96	1.411	0.005	0.005	0.001
3.98	1.410	0.005	0.004	0.001
4.00	1.410	0.005	0.005	0.001
4.02	1.409	0.005	0.005	0.001
4.04	1.409	0.005	0.005	0.001
4.06	1.408	0.005	0.005	0.001
4.08	1.408	0.005	0.005	0.001
4.10	1.407	0.005	0.005	0.001
4.12	1.407	0.005	0.005	0.001
4.14	1.406	0.005	0.005	0.001
4.16	1.406	0.005	0.005	0.001
4.18	1.405	0.005	0.006	0.001
4.20	1.404	0.005	0.006	0.002
4.22	1.404	0.005	0.006	0.002
4.24	1.403	0.005	0.006	0.003
4.26	1.403	0.005	0.005	0.003
4.28	1.402	0.005	0.005	0.003
4.30	1.402	0.005	0.005	0.003
4.32	1.401	0.005	0.005	0.003
4.34	1.401	0.005	0.005	0.003
4.36	1.400	0.005	0.005	0.002
4.38	1.399	0.005	0.005	0.002
4.40	1.399	0.005	0.005	0.002
4.42	1.398	0.005	0.005	0.001
4.44	1.398	0.005	0.005	0.001
4.46	1.397	0.005	0.005	0.001
4.48	1.397	0.005	0.005	0.001
4.50	1.396	0.005	0.005	0.001
4.52	1.395	0.005	0.005	0.001
4.54	1.395	0.005	0.005	0.001
4.56	1.394	0.005	0.005	0.001
4.58	1.393	0.005	0.005	0.001
4.60	1.393	0.005	0.006	0.001
4.62	1.392	0.005	0.005	0.001
4.64	1.392	0.005	0.006	0.001
4.66	1.391	0.005	0.006	0.001
4.68	1.390	0.005	0.006	0.001
4.70	1.390	0.005	0.006	0.001
4.72	1.389	0.005	0.006	0.001
4.74	1.388	0.005	0.006	0.001
4.76	1.388	0.005	0.006	0.001
4.78	1.387	0.005	0.006	0.001
4.80	1.386	0.005	0.006	0.001
4.82	1.386	0.005	0.006	0.001
4.84	1.385	0.005	0.006	0.001
4.86	1.384	0.005	0.006	0.001
4.88	1.384	0.005	0.007	0.001
4.90	1.383	0.005	0.006	0.001
4.92	1.382	0.005	0.007	0.001
4.94	1.381	0.005	0.006	0.001
4.96	1.381	0.005	0.007	0.001
4.98	1.380	0.005	0.007	0.001
5.00	1.379	0.005	0.007	0.001
5.02	1.378	0.005	0.007	0.001
5.04	1.377	0.005	0.007	0.001
5.06	1.377	0.005	0.007	0.001
5.08	1.376	0.005	0.007	0.001
5.10	1.375	0.005	0.007	0.001
5.12	1.374	0.005	0.007	0.001
5.14	1.373	0.005	0.007	0.001
5.16	1.372	0.005	0.007	0.001
5.18	1.371	0.005	0.007	0.001
5.20	1.371	0.005	0.008	0.001
5.22	1.370	0.005	0.008	0.001
5.24	1.369	0.005	0.008	0.001
5.26	1.368	0.005	0.008	0.001
5.28	1.367	0.005	0.008	0.001
5.30	1.366	0.005	0.008	0.001
5.32	1.364	0.005	0.008	0.001
5.34	1.363	0.005	0.008	0.001
5.36	1.362	0.005	0.008	0.001
5.38	1.361	0.005	0.008	0.001
5.40	1.360	0.005	0.009	0.001
5.42	1.358	0.005	0.009	0.001
5.44	1.357	0.005	0.009	0.001
5.46	1.355	0.006	0.009	0.001
5.48	1.354	0.006	0.009	0.001
5.50	1.352	0.006	0.009	0.001
5.52	1.351	0.007	0.010	0.002
5.54	1.350	0.007	0.009	0.001
5.56	1.348	0.008	0.010	0.001
5.58	1.348	0.008	0.010	0.002
5.60	1.345	0.008	0.011	0.002
5.62	1.344	0.009	0.011	0.002
5.64	1.342	0.010	0.012	0.002
5.66	1.341	0.011	0.011	0.002
5.68	1.340	0.011	0.013	0.002
5.70	1.338	0.012	0.012	0.002
5.72	1.337	0.012	0.015	0.003
5.74	1.335	0.013	0.014	0.003
5.76	1.333	0.014	0.022	0.003
5.78	1.331	0.015	0.022	0.005
5.80	1.330	0.016	0.014	0.005
5.82	1.325	0.017	0.013	0.005
5.84	1.325	0.024	0.011	0.005
5.86	1.329	0.024	0.010	0.005
5.88	1.327	0.024	0.009	0.005
5.90	1.328	0.024	0.008	0.005
5.92	1.326	0.024	0.009	0.005
5.94	1.326	0.024	0.009	0.005
5.96	1.324	0.024	0.009	0.005
5.98	1.323	0.024	0.012	0.005
6.00	1.320	0.024	0.013	0.005
6.02	1.319	0.024	0.009	0.005
6.04	1.313	0.024	0.009	0.005
6.06	1.311	0.031	0.009	0.005
6.08	1.313	0.031	0.009	0.004
6.10	1.311	0.033	0.009	0.004
6.12	1.311	0.035	0.009	0.004
6.14	1.311	0.036	0.009	0.004
6.16	1.311	0.035	0.009	0.003
6.18	1.309	0.035	0.009	0.003
6.20	1.308	0.034	0.008	0.003
6.22	1.305	0.034	0.008	0.003
6.24	1.303	0.033	0.008	0.003
6.26	1.299	0.034	0.008	0.003
6.28	1.295	0.035	0.008	0.003
6.30	1.291	0.036	0.008	0.003
6.32	1.288	0.037	0.008	0.003
6.34	1.283	0.039	0.009	0.004
6.36	1.279	0.041	0.009	0.004
6.38	1.276	0.044	0.010	0.005
6.40	1.272	0.044	0.010	0.007
6.42	1.264	0.047	0.010	0.008
6.44	1.258	0.051	0.010	0.008
6.46	1.250	0.056	0.011	0.009
6.48	1.244	0.063	0.011	0.010
6.50	1.237	0.071	0.012	0.010
6.52	1.233	0.083	0.013	0.011
6.54	1.232	0.094	0.013	0.011
6.56	1.231	0.102	0.013	0.011
6.58	1.228	0.111	0.014	0.011
6.60	1.224	0.121	0.016	0.011
6.62	1.222	0.136	0.017	0.011
6.64	1.225	0.150	0.016	0.011
6.66	1.228	0.164	0.017	0.011
6.68	1.234	0.179	0.017	0.012
6.70	1.243	0.192	0.017	0.012
6.72	1.254	0.202	0.016	0.012
6.74	1.262	0.210	0.016	0.012
6.76	1.271	0.221	0.015	0.013
6.78	1.285	0.232	0.014	0.014
6.80	1.301	0.239	0.013	0.015
6.82	1.318	0.240	0.012	0.015
6.84	1.328	0.240	0.011	0.015
6.86	1.340	0.244	0.010	0.015
6.88	1.356	0.243	0.010	0.016
6.90	1.366	0.241	0.009	0.016
6.92	1.378	0.239	0.008	0.016
6.94	1.388	0.237	0.007	0.015
6.96	1.403	0.236	0.007	0.015
6.98	1.416	0.229	0.007	0.014
7.00	1.428	0.220	0.006	0.013
7.02	1.436	0.211	0.005	0.012
7.04	1.443	0.202	0.005	0.011
7.06	1.449	0.194	0.004	0.010
7.08	1.455	0.185	0.005	0.010
7.10	1.459	0.175	0.005	0.009
7.12	1.463	0.166	0.005	0.008
7.14	1.465	0.156	0.005	0.008
7.16	1.466	0.147	0.005	0.007
7.18	1.466	0.139	0.004	0.007
7.20	1.465	0.132	0.005	0.006
7.22	1.464	0.125	0.004	0.006
7.24	1.464	0.120	0.005	0.005
7.26	1.464	0.113	0.005	0.005
7.28	1.463	0.105	0.005	0.005
7.30	1.460	0.099	0.005	0.005
7.32	1.458	0.092	0.005	0.004
7.34	1.453	0.088	0.005	0.004
7.36	1.450	0.085	0.005	0.004
7.38	1.448	0.081	0.005	0.004
7.40	1.446	0.078	0.005	0.004
7.42	1.443	0.074	0.005	0.004
7.44	1.441	0.070	0.005	0.003
7.46	1.437	0.066	0.005	0.003
7.48	1.434	0.064	0.005	0.003
7.50	1.431	0.062	0.005	0.003
7.52	1.428	0.061	0.005	0.003
7.54	1.427	0.059	0.005	0.003
7.56	1.426	0.057	0.005	0.003
7.58	1.424	0.053	0.005	0.003
7.60	1.420	0.050	0.005	0.003
7.62	1.416	0.048	0.005	0.003
7.64	1.414	0.046	0.005	0.003
7.66	1.411	0.045	0.005	0.003
7.68	1.409	0.043	0.005	0.002
7.70	1.406	0.040	0.005	0.002
7.72	1.403	0.038	0.005	0.002
7.74	1.398	0.036	0.005	0.002
7.76	1.394	0.035	0.005	0.002
7.78	1.391	0.034	0.006	0.002
7.80	1.387	0.032	0.006	0.002
7.82	1.383	0.032	0.006	0.002
7.84	1.380	0.032	0.006	0.002
7.86	1.376	0.031	0.007	0.002
7.88	1.372	0.031	0.007	0.002
7.90	1.368	0.030	0.007	0.002
7.92	1.364	0.031	0.007	0.002
7.94	1.361	0.031	0.008	0.002
7.96	1.357	0.031	0.008	0.002
7.98	1.353	0.031	0.008	0.002
8.00	1.350	0.032	0.008	0.002
8.02	1.346	0.032	0.008	0.002
8.04	1.342	0.033	0.008	0.002
8.06	1.338	0.033	0.009	0.002
8.08	1.334	0.034	0.009	0.002
8.10	1.330	0.035	0.009	0.002
8.12	1.326	0.036	0.009	0.002
8.14	1.322	0.038	0.009	0.002
8.16	1.319	0.039	0.010	0.002
8.18	1.314	0.040	0.010	0.003
8.20	1.309	0.042	0.010	0.003
8.22	1.305	0.044	0.010	0.003
8.24	1.300	0.047	0.011	0.003
8.26	1.296	0.050	0.011	0.003
8.28	1.292	0.053	0.011	0.004
8.30	1.288	0.057	0.011	0.004
8.32	1.284	0.061	0.011	0.004
8.34	1.280	0.065	0.012	0.004
8.36	1.277	0.070	0.012	0.004
8.38	1.274	0.074	0.012	0.005
8.40	1.271	0.079	0.012	0.005
8.42	1.268	0.085	0.012	0.005
8.44	1.266	0.089	0.012	0.006
8.46	1.264	0.095	0.012	0.006
8.48	1.262	0.100	0.012	0.006
8.50	1.261	0.106	0.012	0.007
8.52	1.261	0.111	0.012	0.007
8.54	1.261	0.117	0.012	0.007
8.56	1.261	0.122	0.012	0.008
8.58	1.262	0.126	0.012	0.008
8.60	1.262	0.129	0.011	0.008
8.62	1.262	0.133	0.011	0.008
8.64	1.262	0.136	0.011	0.008
8.66	1.261	0.140	0.011	0.008
8.68	1.261	0.143	0.011	0.009
8.70	1.259	0.146	0.011	0.009
8.72	1.258	0.150	0.011	0.009
8.74	1.256	0.154	0.011	0.009
8.76	1.254	0.160	0.011	0.009
8.78	1.253	0.165	0.011	0.010
8.80	1.252	0.171	0.011	0.010
8.82	1.251	0.178	0.011	0.010
8.84	1.252	0.186	0.010	0.010
8.86	1.253	0.193	0.010	0.011
8.88	1.255	0.201	0.010	0.011
8.90	1.258	0.207	0.010	0.011
8.92	1.261	0.213	0.010	0.011
8.94	1.266	0.219	0.009	0.011
8.96	1.269	0.223	0.009	0.011
8.98	1.273	0.227	0.009	0.011
9.00	1.277	0.230	0.009	0.011
9.02	1.281	0.234	0.008	0.011
9.04	1.285	0.236	0.008	0.011
9.06	1.287	0.238	0.008	0.011
9.08	1.290	0.240	0.008	0.011
9.10	1.292	0.242	0.008	0.011
9.12	1.293	0.244	0.008	0.011
9.14	1.294	0.246	0.008	0.011
9.16	1.295	0.249	0.008	0.011
9.18	1.295	0.252	0.008	0.011
9.20	1.296	0.255	0.008	0.011
9.22	1.295	0.258	0.009	0.011
9.24	1.293	0.262	0.009	0.011
9.26	1.293	0.267	0.009	0.012
9.28	1.291	0.273	0.009	0.012
9.30	1.290	0.281	0.009	0.012
9.32	1.290	0.290	0.009	0.013
9.34	1.291	0.299	0.009	0.013
9.36	1.292	0.309	0.009	0.014
9.38	1.295	0.319	0.009	0.014
9.40	1.298	0.329	0.009	0.014
9.42	1.303	0.341	0.009	0.015
9.44	1.309	0.353	0.009	0.015
9.46	1.317	0.365	0.009	0.016
9.48	1.326	0.376	0.009	0.017
9.50	1.336	0.387	0.009	0.017
9.52	1.348	0.398	0.008	0.018
9.54	1.362	0.408	0.007	0.019
9.56	1.378	0.416	0.006	0.019
9.58	1.394	0.423	0.005	0.019
9.60	1.411	0.428	0.004	0.020
9.62	1.429	0.431	0.004	0.020
9.64	1.447	0.433	0.003	0.020
9.66	1.466	0.433	0.002	0.020
9.68	1.484	0.430	0.002	0.020
9.70	1.502	0.426	0.002	0.020
9.72	1.518	0.420	0.002	0.020
9.74	1.534	0.413	0.003	0.019
9.76	1.547	0.405	0.003	0.019
9.78	1.560	0.397	0.004	0.019
9.80	1.572	0.387	0.004	0.018
9.82	1.583	0.379	0.005	0.018
9.84	1.593	0.369	0.005	0.017
9.86	1.602	0.359	0.006	0.017
9.88	1.610	0.350	0.006	0.016
9.90	1.618	0.341	0.007	0.016
9.92	1.626	0.331	0.007	0.015
9.94	1.634	0.322	0.008	0.015
9.96	1.641	0.312	0.008	0.014
9.98	1.648	0.301	0.008	0.014
10.00	1.655	0.288	0.009	0.013
10.02	1.659	0.276	0.009	0.012
10.04	1.663	0.264	0.009	0.011
10.06	1.666	0.252	0.009	0.011
10.08	1.668	0.240	0.010	0.010
10.10	1.670	0.228	0.010	0.009
10.12	1.670	0.216	0.010	0.009
10.14	1.670	0.205	0.010	0.008
10.16	1.669	0.194	0.009	0.007
10.18	1.667	0.183	0.009	0.006
10.20	1.664	0.173	0.009	0.006
10.22	1.661	0.164	0.009	0.005
10.24	1.658	0.156	0.008	0.005
10.26	1.655	0.147	0.008	0.004
10.28	1.650	0.139	0.008	0.004
10.30	1.646	0.132	0.007	0.003
10.32	1.642	0.125	0.007	0.003
10.34	1.637	0.119	0.006	0.003
10.36	1.633	0.114	0.006	0.002
10.38	1.628	0.108	0.005	0.002
10.40	1.623	0.104	0.005	0.002
10.42	1.619	0.099	0.005	0.002
10.44	1.615	0.095	0.005	0.002
10.46	1.610	0.090	0.004	0.002
10.48	1.605	0.087	0.004	0.002
10.50	1.600	0.084	0.004	0.002
10.52	1.596	0.082	0.004	0.002
10.54	1.592	0.080	0.003	0.001
10.56	1.587	0.077	0.003	0.002
10.58	1.583	0.076	0.003	0.001
10.60	1.579	0.075	0.003	0.001
10.62	1.575	0.074	0.002	0.001
10.64	1.572	0.073	0.002	0.002
10.66	1.569	0.073	0.002	0.002
10.68	1.566	0.072	0.002	0.002
10.70	1.563	0.072	0.002	0.002
10.72	1.561	0.071	0.002	0.002
10.74	1.558	0.071	0.002	0.003
10.76	1.556	0.071	0.002	0.003
10.78	1.554	0.070	0.002	0.003
10.80	1.552	0.070	0.002	0.003
10.82	1.550	0.070	0.002	0.003
10.84	1.548	0.070	0.002	0.003
10.86	1.547	0.070	0.002	0.003
10.88	1.546	0.070	0.002	0.003
10.90	1.546	0.070	0.002	0.003
10.92	1.545	0.069	0.002	0.003
10.94	1.545	0.069	0.002	0.003
10.96	1.544	0.067	0.002	0.003
10.98	1.544	0.067	0.002	0.003
11.00	1.544	0.065	0.002	0.003
11.02	1.543	0.062	0.002	0.003
11.04	1.542	0.060	0.002	0.003
11.06	1.541	0.057	0.002	0.002
11.08	1.538	0.055	0.002	0.002
11.10	1.535	0.053	0.001	0.002
11.12	1.533	0.050	0.002	0.002
11.14	1.529	0.048	0.001	0.002
11.16	1.524	0.046	0.002	0.002
11.18	1.519	0.045	0.002	0.002
11.20	1.513	0.044	0.002	0.002
11.22	1.506	0.046	0.003	0.002
11.24	1.501	0.049	0.003	0.002
11.26	1.494	0.053	0.003	0.003
11.28	1.489	0.060	0.003	0.004
11.30	1.486	0.068	0.003	0.004
11.32	1.485	0.077	0.003	0.005
11.34	1.487	0.088	0.003	0.005
11.36	1.492	0.096	0.002	0.005
11.38	1.500	0.104	0.002	0.005
11.40	1.510	0.108	0.002	0.005
11.42	1.520	0.110	0.002	0.005
11.44	1.530	0.108	0.002	0.005
11.46	1.539	0.105	0.002	0.004
11.48	1.548	0.100	0.002	0.004
11.50	1.555	0.092	0.002	0.004
11.52	1.560	0.084	0.002	0.003
11.54	1.562	0.074	0.002	0.003
11.56	1.561	0.065	0.002	0.002
11.58	1.560	0.058	0.002	0.001
11.60	1.557	0.050	0.002	0.001
11.62	1.553	0.045	0.002	0.002
11.64	1.549	0.041	0.002	0.002
11.66	1.545	0.037	0.002	0.002
11.68	1.541	0.035	0.002	0.002
11.70	1.538	0.033	0.002	0.002
11.72	1.534	0.031	0.002	0.002
11.74	1.532	0.031	0.002	0.002
11.76	1.529	0.029	0.002	0.002
11.78	1.527	0.029	0.002	0.002
11.80	1.525	0.027	0.002	0.002
11.82	1.522	0.027	0.002	0.002
11.84	1.521	0.027	0.002	0.002
11.86	1.518	0.025	0.002	0.002
11.88	1.516	0.025	0.002	0.002
11.90	1.514	0.024	0.002	0.001
11.92	1.512	0.023	0.003	0.001
11.94	1.510	0.023	0.003	0.001
11.96	1.508	0.023	0.003	0.001
11.98	1.507	0.023	0.003	0.001
12.00	1.505	0.022	0.003	0.001
12.02	1.504	0.022	0.003	0.001
12.04	1.501	0.021	0.004	0.001
12.06	1.499	0.021	0.004	0.002
12.08	1.498	0.022	0.004	0.002
12.10	1.496	0.022	0.004	0.002
12.12	1.495	0.022	0.004	0.002
12.14	1.493	0.022	0.004	0.003
12.16	1.493	0.022	0.003	0.003
12.18	1.491	0.021	0.004	0.002
12.20	1.489	0.022	0.004	0.002
12.22	1.487	0.022	0.004	0.002
12.24	1.486	0.022	0.004	0.003
12.26	1.484	0.022	0.004	0.003
12.28	1.482	0.023	0.003	0.003
12.30	1.481	0.024	0.003	0.003
12.32	1.478	0.024	0.004	0.003
12.34	1.477	0.026	0.004	0.003
12.36	1.475	0.028	0.003	0.003
12.38	1.474	0.030	0.004	0.003
12.40	1.474	0.032	0.003	0.003
12.42	1.474	0.035	0.003	0.003
12.44	1.475	0.036	0.003	0.003
12.46	1.475	0.037	0.003	0.003
12.48	1.477	0.038	0.003	0.003
12.50	1.478	0.039	0.003	0.003
12.52	1.479	0.039	0.003	0.003
12.54	1.480	0.040	0.003	0.003
12.56	1.482	0.039	0.003	0.003
12.58	1.482	0.038	0.003	0.003
12.60	1.483	0.037	0.003	0.003
12.62	1.483	0.036	0.003	0.003
12.64	1.483	0.034	0.003	0.003
12.66	1.482	0.034	0.003	0.003
12.68	1.482	0.033	0.003	0.003
12.70	1.482	0.033	0.003	0.003
12.72	1.481	0.033	0.003	0.003
12.74	1.481	0.033	0.003	0.003
12.76	1.481	0.033	0.003	0.003
12.78	1.481	0.032	0.004	0.003
12.80	1.481	0.033	0.004	0.003
12.82	1.481	0.032	0.004	0.003
12.84	1.481	0.032	0.004	0.003
12.86	1.482	0.032	0.004	0.003
12.88	1.482	0.030	0.004	0.003
12.90	1.483	0.029	0.004	0.003
12.92	1.483	0.028	0.004	0.004
12.94	1.482	0.027	0.004	0.004
12.96	1.482	0.026	0.004	0.004
12.98	1.481	0.025	0.004	0.004
13.00	1.481	0.024	0.004	0.004
13.02	1.480	0.022	0.004	0.004
13.04	1.479	0.022	0.003	0.004
13.06	1.478	0.020	0.003	0.003
13.08	1.476	0.020	0.003	0.003
13.10	1.475	0.019	0.003	0.003
13.12	1.474	0.019	0.004	0.003
13.14	1.472	0.019	0.004	0.003
13.16	1.472	0.019	0.004	0.003
13.18	1.471	0.019	0.004	0.003
13.20	1.470	0.019	0.004	0.003
13.22	1.469	0.019	0.004	0.003
13.24	1.468	0.018	0.004	0.003
13.26	1.467	0.019	0.004	0.003
13.28	1.467	0.019	0.004	0.004
13.30	1.467	0.019	0.004	0.004
13.32	1.466	0.019	0.005	0.004
13.34	1.466	0.020	0.004	0.004
13.36	1.467	0.019	0.005	0.004
13.38	1.466	0.018	0.005	0.004
13.40	1.465	0.018	0.005	0.004
13.42	1.465	0.017	0.005	0.004
13.44	1.465	0.017	0.005	0.004
13.46	1.464	0.016	0.004	0.004
13.48	1.464	0.016	0.004	0.004
13.50	1.463	0.015	0.004	0.004
13.52	1.462	0.014	0.004	0.004
13.54	1.461	0.013	0.004	0.004
13.56	1.460	0.012	0.004	0.003
13.58	1.458	0.012	0.004	0.003
13.60	1.457	0.011	0.004	0.003
13.62	1.455	0.011	0.004	0.003
13.64	1.454	0.011	0.005	0.003
13.66	1.452	0.011	0.005	0.003
13.68	1.451	0.011	0.005	0.003
13.70	1.449	0.011	0.005	0.003
13.72	1.447	0.012	0.005	0.003
13.74	1.445	0.013	0.005	0.003
13.76	1.444	0.014	0.005	0.004
13.78	1.443	0.014	0.005	0.004
13.80	1.442	0.015	0.005	0.004
13.82	1.440	0.016	0.006	0.004
13.84	1.439	0.017	0.006	0.004
13.86	1.437	0.018	0.006	0.004
13.88	1.436	0.020	0.006	0.004
13.90	1.435	0.022	0.006	0.004
13.92	1.434	0.025	0.006	0.005
13.94	1.435	0.028	0.006	0.005
13.96	1.436	0.030	0.006	0.005
13.98	1.437	0.031	0.006	0.005
14.00	1.438	0.032	0.006	0.005
14.02	1.439	0.033	0.006	0.005
14.04	1.440	0.033	0.006	0.005
14.06	1.440	0.034	0.006	0.006
14.08	1.442	0.035	0.006	0.006
14.10	1.443	0.035	0.006	0.006
14.12	1.444	0.035	0.006	0.006
14.14	1.445	0.034	0.005	0.006
14.16	1.445	0.033	0.005	0.006
14.18	1.445	0.034	0.005	0.007
14.20	1.445	0.034	0.005	0.007
14.22	1.445	0.034	0.005	0.007
14.24	1.445	0.035	0.005	0.008
14.26	1.445	0.035	0.004	0.008
14.28	1.446	0.037	0.005	0.008
14.30	1.448	0.037	0.005	0.008
14.32	1.449	0.037	0.005	0.008
14.34	1.451	0.037	0.005	0.008
14.36	1.451	0.037	0.005	0.008
14.38	1.453	0.037	0.005	0.008
14.40	1.455	0.036	0.005	0.008
14.42	1.456	0.035	0.004	0.008
14.44	1.457	0.034	0.004	0.008
14.46	1.458	0.032	0.004	0.008
14.48	1.459	0.031	0.004	0.008
14.50	1.459	0.029	0.004	0.008
14.52	1.459	0.028	0.004	0.008
14.54	1.459	0.026	0.004	0.008
14.56	1.460	0.025	0.004	0.008
14.58	1.459	0.023	0.004	0.007
14.60	1.459	0.022	0.005	0.008
14.62	1.458	0.020	0.005	0.007
14.64	1.457	0.020	0.006	0.007
14.66	1.457	0.019	0.006	0.007
14.68	1.456	0.018	0.007	0.007
14.70	1.456	0.018	0.007	0.007
14.72	1.455	0.017	0.007	0.006
14.74	1.455	0.017	0.008	0.006
14.76	1.455	0.018	0.009	0.006
14.78	1.457	0.019	0.009	0.006
14.80	1.464	0.016	0.011	0.006
14.82	1.464	0.006	0.012	0.003
14.84	1.458	0.002	0.011	0.002
14.86	1.454	0.001	0.010	0.001
14.88	1.451	0.001	0.011	0.001
14.90	1.449	0.001	0.010	0.001
14.92	1.446	0.001	0.011	0.001
14.94	1.444	0.001	0.010	0.001
14.96	1.442	0.001	0.013	0.001
14.98	1.441	0.001	0.012	0.001
15.00	1.436	0.001	0.023	0.001