wavelength(microns)	real_part(n)	imaginary_part(k)	standard_deviation(n)	standard_deviation(k)
3.00	1.437	0.003	0.108	0.002
3.02	1.438	0.003	0.057	0.002
3.04	1.438	0.003	0.047	0.002
3.06	1.438	0.003	0.023	0.002
3.08	1.438	0.003	0.017	0.002
3.10	1.438	0.003	0.013	0.002
3.12	1.437	0.003	0.016	0.002
3.14	1.437	0.003	0.032	0.002
3.16	1.437	0.003	0.037	0.002
3.18	1.436	0.003	0.057	0.002
3.20	1.436	0.003	0.066	0.002
3.22	1.436	0.003	0.115	0.002
3.24	1.435	0.003	0.138	0.002
3.26	1.435	0.003	0.116	0.002
3.28	1.435	0.003	0.101	0.002
3.30	1.434	0.003	0.080	0.002
3.32	1.434	0.003	0.068	0.002
3.34	1.434	0.003	0.056	0.002
3.36	1.433	0.003	0.049	0.002
3.38	1.433	0.003	0.041	0.004
3.40	1.433	0.003	0.037	0.004
3.42	1.432	0.003	0.032	0.004
3.44	1.432	0.003	0.029	0.004
3.46	1.432	0.003	0.025	0.004
3.48	1.431	0.003	0.023	0.005
3.50	1.431	0.003	0.021	0.004
3.52	1.431	0.003	0.019	0.004
3.54	1.430	0.003	0.016	0.004
3.56	1.430	0.003	0.015	0.004
3.58	1.429	0.003	0.013	0.004
3.60	1.429	0.003	0.012	0.004
3.62	1.429	0.003	0.010	0.004
3.64	1.428	0.003	0.009	0.004
3.66	1.428	0.003	0.007	0.004
3.68	1.428	0.003	0.007	0.004
3.70	1.427	0.003	0.005	0.004
3.72	1.427	0.003	0.005	0.004
3.74	1.426	0.003	0.004	0.004
3.76	1.426	0.003	0.003	0.004
3.78	1.426	0.003	0.002	0.004
3.80	1.425	0.003	0.003	0.004
3.82	1.425	0.003	0.002	0.004
3.84	1.425	0.003	0.003	0.004
3.86	1.424	0.003	0.003	0.004
3.88	1.424	0.003	0.004	0.005
3.90	1.423	0.003	0.004	0.005
3.92	1.423	0.003	0.005	0.005
3.94	1.423	0.003	0.005	0.005
3.96	1.422	0.003	0.006	0.005
3.98	1.422	0.003	0.006	0.005
4.00	1.421	0.003	0.007	0.005
4.02	1.421	0.003	0.007	0.005
4.04	1.421	0.003	0.008	0.005
4.06	1.420	0.003	0.009	0.005
4.08	1.420	0.003	0.009	0.005
4.10	1.419	0.003	0.010	0.005
4.12	1.419	0.003	0.010	0.005
4.14	1.418	0.003	0.010	0.005
4.16	1.418	0.003	0.011	0.006
4.18	1.418	0.003	0.011	0.006
4.20	1.417	0.003	0.011	0.006
4.22	1.417	0.003	0.012	0.006
4.24	1.416	0.003	0.012	0.006
4.26	1.416	0.003	0.012	0.006
4.28	1.415	0.003	0.012	0.006
4.30	1.415	0.003	0.012	0.006
4.32	1.414	0.003	0.012	0.006
4.34	1.414	0.003	0.013	0.006
4.36	1.413	0.003	0.013	0.006
4.38	1.413	0.003	0.013	0.005
4.40	1.413	0.003	0.014	0.005
4.42	1.412	0.003	0.014	0.005
4.44	1.412	0.003	0.014	0.005
4.46	1.411	0.003	0.014	0.005
4.48	1.411	0.003	0.015	0.005
4.50	1.410	0.003	0.015	0.005
4.52	1.410	0.003	0.016	0.005
4.54	1.409	0.003	0.016	0.004
4.56	1.409	0.003	0.016	0.004
4.58	1.408	0.003	0.017	0.005
4.60	1.408	0.003	0.017	0.004
4.62	1.407	0.003	0.017	0.004
4.64	1.407	0.003	0.018	0.005
4.66	1.406	0.003	0.018	0.005
4.68	1.405	0.003	0.018	0.005
4.70	1.405	0.003	0.019	0.005
4.72	1.404	0.003	0.019	0.005
4.74	1.404	0.003	0.019	0.004
4.76	1.403	0.003	0.020	0.004
4.78	1.403	0.003	0.020	0.004
4.80	1.402	0.003	0.021	0.004
4.82	1.401	0.003	0.021	0.004
4.84	1.401	0.003	0.021	0.004
4.86	1.400	0.003	0.021	0.004
4.88	1.400	0.003	0.022	0.004
4.90	1.399	0.003	0.022	0.004
4.92	1.398	0.003	0.023	0.004
4.94	1.398	0.003	0.023	0.004
4.96	1.397	0.003	0.023	0.004
4.98	1.396	0.003	0.023	0.004
5.00	1.396	0.003	0.024	0.004
5.02	1.395	0.003	0.024	0.004
5.04	1.394	0.003	0.025	0.004
5.06	1.394	0.003	0.025	0.004
5.08	1.393	0.003	0.026	0.004
5.10	1.392	0.003	0.026	0.004
5.12	1.391	0.003	0.027	0.005
5.14	1.391	0.004	0.027	0.005
5.16	1.391	0.003	0.027	0.005
5.18	1.389	0.003	0.028	0.005
5.20	1.389	0.003	0.028	0.005
5.22	1.388	0.003	0.028	0.005
5.24	1.387	0.003	0.029	0.005
5.26	1.386	0.003	0.029	0.005
5.28	1.385	0.003	0.029	0.005
5.30	1.384	0.003	0.030	0.005
5.32	1.383	0.003	0.031	0.005
5.34	1.382	0.003	0.031	0.006
5.36	1.382	0.003	0.032	0.006
5.38	1.380	0.003	0.032	0.006
5.40	1.380	0.003	0.032	0.006
5.42	1.378	0.003	0.033	0.006
5.44	1.378	0.003	0.033	0.007
5.46	1.376	0.003	0.034	0.007
5.48	1.375	0.003	0.034	0.008
5.50	1.374	0.003	0.035	0.008
5.52	1.373	0.003	0.035	0.008
5.54	1.372	0.003	0.035	0.009
5.56	1.371	0.003	0.036	0.009
5.58	1.369	0.003	0.036	0.009
5.60	1.368	0.003	0.037	0.009
5.62	1.366	0.003	0.038	0.010
5.64	1.365	0.003	0.037	0.011
5.66	1.363	0.003	0.037	0.011
5.68	1.362	0.003	0.037	0.011
5.70	1.359	0.003	0.038	0.010
5.72	1.358	0.004	0.039	0.012
5.74	1.356	0.004	0.039	0.012
5.76	1.354	0.005	0.041	0.012
5.78	1.352	0.005	0.042	0.016
5.80	1.351	0.006	0.040	0.016
5.82	1.349	0.006	0.041	0.016
5.84	1.347	0.007	0.040	0.017
5.86	1.345	0.007	0.040	0.017
5.88	1.344	0.008	0.041	0.019
5.90	1.342	0.008	0.040	0.019
5.92	1.340	0.009	0.040	0.021
5.94	1.338	0.009	0.040	0.022
5.96	1.335	0.010	0.039	0.025
5.98	1.333	0.010	0.034	0.024
6.00	1.331	0.011	0.035	0.021
6.02	1.328	0.011	0.035	0.023
6.04	1.325	0.012	0.032	0.023
6.06	1.322	0.013	0.032	0.021
6.08	1.319	0.014	0.031	0.020
6.10	1.316	0.015	0.031	0.018
6.12	1.313	0.016	0.032	0.018
6.14	1.310	0.017	0.031	0.017
6.16	1.306	0.018	0.031	0.014
6.18	1.302	0.019	0.032	0.012
6.20	1.298	0.020	0.035	0.010
6.22	1.293	0.021	0.037	0.009
6.24	1.287	0.023	0.040	0.008
6.26	1.281	0.025	0.043	0.008
6.28	1.274	0.028	0.046	0.009
6.30	1.263	0.033	0.050	0.010
6.32	1.258	0.044	0.052	0.014
6.34	1.256	0.047	0.052	0.015
6.36	1.245	0.052	0.056	0.016
6.38	1.237	0.065	0.058	0.020
6.40	1.234	0.077	0.059	0.024
6.42	1.231	0.088	0.059	0.027
6.44	1.228	0.100	0.060	0.030
6.46	1.225	0.114	0.061	0.034
6.48	1.229	0.131	0.059	0.039
6.50	1.233	0.142	0.057	0.042
6.52	1.240	0.155	0.055	0.045
6.54	1.246	0.159	0.052	0.045
6.56	1.245	0.171	0.052	0.047
6.58	1.254	0.181	0.049	0.049
6.60	1.255	0.189	0.049	0.050
6.62	1.263	0.203	0.046	0.053
6.64	1.270	0.209	0.044	0.053
6.66	1.274	0.221	0.043	0.055
6.68	1.287	0.234	0.040	0.057
6.70	1.302	0.238	0.037	0.057
6.72	1.310	0.241	0.035	0.057
6.74	1.318	0.244	0.033	0.056
6.76	1.320	0.251	0.034	0.057
6.78	1.330	0.266	0.032	0.060
6.80	1.348	0.277	0.028	0.062
6.82	1.373	0.277	0.022	0.062
6.84	1.378	0.266	0.022	0.058
6.86	1.381	0.281	0.022	0.062
6.88	1.407	0.287	0.016	0.063
6.90	1.423	0.280	0.013	0.061
6.92	1.434	0.279	0.011	0.060
6.94	1.448	0.284	0.009	0.062
6.96	1.478	0.282	0.004	0.061
6.98	1.497	0.259	0.005	0.055
7.00	1.501	0.245	0.004	0.051
7.02	1.507	0.234	0.004	0.049
7.04	1.508	0.229	0.004	0.048
7.06	1.523	0.230	0.007	0.049
7.08	1.540	0.215	0.010	0.045
7.10	1.547	0.199	0.011	0.042
7.12	1.555	0.183	0.013	0.038
7.14	1.557	0.166	0.012	0.034
7.16	1.557	0.151	0.012	0.030
7.18	1.553	0.137	0.010	0.027
7.20	1.549	0.128	0.009	0.025
7.22	1.546	0.120	0.008	0.024
7.24	1.546	0.113	0.008	0.023
7.26	1.546	0.103	0.008	0.021
7.28	1.543	0.091	0.007	0.018
7.30	1.536	0.082	0.006	0.016
7.32	1.529	0.076	0.005	0.015
7.34	1.523	0.071	0.004	0.014
7.36	1.517	0.070	0.003	0.014
7.38	1.517	0.068	0.003	0.014
7.40	1.515	0.061	0.003	0.013
7.42	1.509	0.058	0.004	0.012
7.44	1.508	0.054	0.004	0.012
7.46	1.502	0.049	0.005	0.010
7.48	1.498	0.048	0.006	0.010
7.50	1.495	0.046	0.006	0.010
7.52	1.492	0.044	0.007	0.010
7.54	1.489	0.042	0.007	0.010
7.56	1.488	0.041	0.007	0.009
7.58	1.487	0.037	0.008	0.008
7.60	1.483	0.032	0.009	0.007
7.62	1.478	0.031	0.010	0.007
7.64	1.477	0.030	0.010	0.007
7.66	1.473	0.027	0.011	0.007
7.68	1.471	0.026	0.011	0.006
7.70	1.468	0.023	0.012	0.005
7.72	1.465	0.021	0.012	0.005
7.74	1.461	0.019	0.013	0.005
7.76	1.458	0.018	0.014	0.004
7.78	1.454	0.017	0.015	0.004
7.80	1.452	0.016	0.015	0.004
7.82	1.448	0.014	0.016	0.004
7.84	1.445	0.014	0.017	0.004
7.86	1.442	0.012	0.018	0.003
7.88	1.438	0.012	0.019	0.003
7.90	1.436	0.011	0.019	0.003
7.92	1.432	0.010	0.020	0.003
7.94	1.428	0.010	0.020	0.003
7.96	1.425	0.010	0.021	0.003
7.98	1.422	0.010	0.022	0.003
8.00	1.420	0.010	0.023	0.003
8.02	1.416	0.009	0.023	0.003
8.04	1.413	0.010	0.024	0.003
8.06	1.410	0.010	0.024	0.003
8.08	1.407	0.010	0.025	0.003
8.10	1.404	0.010	0.026	0.003
8.12	1.400	0.011	0.027	0.003
8.14	1.398	0.012	0.027	0.003
8.16	1.396	0.012	0.028	0.003
8.18	1.394	0.012	0.028	0.003
8.20	1.390	0.011	0.029	0.004
8.22	1.386	0.012	0.030	0.004
8.24	1.383	0.013	0.030	0.004
8.26	1.379	0.014	0.031	0.004
8.28	1.376	0.016	0.031	0.004
8.30	1.373	0.016	0.032	0.004
8.32	1.369	0.018	0.033	0.005
8.34	1.366	0.019	0.033	0.005
8.36	1.362	0.021	0.034	0.005
8.38	1.359	0.023	0.035	0.006
8.40	1.356	0.025	0.035	0.006
8.42	1.353	0.027	0.036	0.006
8.44	1.351	0.030	0.036	0.007
8.46	1.348	0.031	0.037	0.007
8.48	1.344	0.035	0.038	0.008
8.50	1.343	0.037	0.038	0.008
8.52	1.339	0.039	0.039	0.008
8.54	1.337	0.043	0.039	0.009
8.56	1.335	0.045	0.039	0.009
8.58	1.332	0.049	0.040	0.010
8.60	1.331	0.052	0.040	0.011
8.62	1.329	0.055	0.040	0.011
8.64	1.327	0.058	0.041	0.011
8.66	1.325	0.061	0.041	0.012
8.68	1.324	0.064	0.041	0.013
8.70	1.322	0.067	0.042	0.013
8.72	1.320	0.070	0.042	0.014
8.74	1.319	0.073	0.042	0.014
8.76	1.316	0.076	0.042	0.015
8.78	1.315	0.080	0.043	0.015
8.80	1.313	0.083	0.043	0.016
8.82	1.310	0.087	0.043	0.016
8.84	1.309	0.092	0.044	0.017
8.86	1.307	0.097	0.044	0.018
8.88	1.307	0.102	0.044	0.018
8.90	1.306	0.107	0.044	0.019
8.92	1.306	0.113	0.044	0.020
8.94	1.307	0.118	0.044	0.021
8.96	1.309	0.123	0.044	0.021
8.98	1.311	0.127	0.044	0.022
9.00	1.313	0.131	0.043	0.022
9.02	1.316	0.134	0.043	0.023
9.04	1.318	0.136	0.043	0.023
9.06	1.319	0.137	0.043	0.023
9.08	1.320	0.139	0.043	0.023
9.10	1.322	0.139	0.043	0.023
9.12	1.321	0.139	0.043	0.023
9.14	1.320	0.140	0.043	0.023
9.16	1.318	0.141	0.044	0.023
9.18	1.316	0.143	0.044	0.024
9.20	1.313	0.145	0.044	0.024
9.22	1.310	0.147	0.045	0.024
9.24	1.306	0.150	0.046	0.024
9.26	1.301	0.155	0.046	0.025
9.28	1.297	0.161	0.047	0.026
9.30	1.294	0.167	0.048	0.027
9.32	1.290	0.174	0.048	0.028
9.34	1.287	0.183	0.049	0.029
9.36	1.283	0.193	0.049	0.031
9.38	1.283	0.204	0.050	0.032
9.40	1.282	0.214	0.050	0.034
9.42	1.282	0.227	0.050	0.036
9.44	1.284	0.239	0.050	0.037
9.46	1.287	0.252	0.049	0.039
9.48	1.291	0.264	0.049	0.041
9.50	1.296	0.278	0.048	0.042
9.52	1.304	0.292	0.047	0.044
9.54	1.314	0.305	0.046	0.046
9.56	1.325	0.316	0.045	0.048
9.58	1.337	0.328	0.043	0.049
9.60	1.351	0.338	0.042	0.051
9.62	1.367	0.346	0.040	0.052
9.64	1.383	0.351	0.038	0.052
9.66	1.399	0.357	0.037	0.053
9.68	1.418	0.359	0.035	0.054
9.70	1.432	0.358	0.033	0.054
9.72	1.448	0.359	0.031	0.054
9.74	1.464	0.355	0.030	0.053
9.76	1.477	0.352	0.028	0.053
9.78	1.491	0.348	0.027	0.053
9.80	1.504	0.343	0.026	0.052
9.82	1.515	0.336	0.025	0.051
9.84	1.524	0.331	0.024	0.050
9.86	1.535	0.325	0.023	0.050
9.88	1.542	0.321	0.022	0.049
9.90	1.555	0.317	0.022	0.049
9.92	1.564	0.309	0.021	0.048
9.94	1.573	0.305	0.020	0.047
9.96	1.585	0.297	0.020	0.046
9.98	1.593	0.288	0.019	0.045
10.00	1.602	0.280	0.018	0.045
10.02	1.611	0.270	0.018	0.043
10.04	1.618	0.259	0.017	0.042
10.06	1.624	0.248	0.017	0.041
10.08	1.630	0.237	0.017	0.039
10.10	1.635	0.224	0.016	0.038
10.12	1.637	0.213	0.016	0.036
10.14	1.639	0.201	0.016	0.034
10.16	1.639	0.191	0.015	0.033
10.18	1.641	0.179	0.015	0.032
10.20	1.638	0.169	0.015	0.030
10.22	1.638	0.159	0.015	0.029
10.24	1.634	0.149	0.015	0.027
10.26	1.632	0.141	0.016	0.026
10.28	1.627	0.135	0.016	0.026
10.30	1.627	0.128	0.016	0.024
10.32	1.622	0.121	0.016	0.024
10.34	1.620	0.115	0.017	0.023
10.36	1.614	0.112	0.017	0.023
10.38	1.616	0.108	0.018	0.022
10.40	1.611	0.103	0.019	0.022
10.42	1.615	0.100	0.019	0.021
10.44	1.609	0.096	0.020	0.021
10.46	1.632	0.095	0.020	0.021
10.48	1.628	0.047	0.021	0.021
10.50	1.592	0.046	0.022	0.021
10.52	1.588	0.046	0.023	0.021
10.54	1.572	0.046	0.023	0.021
10.56	1.568	0.048	0.024	0.022
10.58	1.559	0.048	0.024	0.022
10.60	1.555	0.049	0.025	0.022
10.62	1.548	0.050	0.025	0.023
10.64	1.544	0.052	0.026	0.023
10.66	1.539	0.054	0.026	0.024
10.68	1.537	0.056	0.027	0.024
10.70	1.533	0.058	0.026	0.025
10.72	1.532	0.059	0.026	0.025
10.74	1.527	0.061	0.026	0.026
10.76	1.527	0.063	0.027	0.026
10.78	1.524	0.064	0.026	0.027
10.80	1.523	0.066	0.026	0.027
10.82	1.520	0.068	0.027	0.027
10.84	1.520	0.071	0.027	0.028
10.86	1.519	0.073	0.026	0.029
10.88	1.520	0.076	0.026	0.029
10.90	1.522	0.078	0.025	0.029
10.92	1.524	0.078	0.025	0.029
10.94	1.524	0.079	0.025	0.030
10.96	1.527	0.080	0.024	0.030
10.98	1.529	0.079	0.023	0.030
11.00	1.531	0.077	0.023	0.030
11.02	1.532	0.076	0.022	0.030
11.04	1.534	0.073	0.022	0.029
11.06	1.534	0.070	0.021	0.029
11.08	1.535	0.066	0.022	0.028
11.10	1.533	0.062	0.022	0.028
11.12	1.532	0.059	0.022	0.027
11.14	1.528	0.055	0.022	0.026
11.16	1.524	0.053	0.023	0.026
11.18	1.520	0.051	0.023	0.026
11.20	1.515	0.049	0.024	0.026
11.22	1.507	0.049	0.025	0.026
11.24	1.500	0.051	0.026	0.026
11.26	1.493	0.056	0.028	0.027
11.28	1.488	0.064	0.029	0.028
11.30	1.485	0.073	0.029	0.030
11.32	1.485	0.083	0.029	0.032
11.34	1.488	0.093	0.028	0.034
11.36	1.495	0.101	0.027	0.036
11.38	1.502	0.107	0.026	0.037
11.40	1.511	0.111	0.024	0.038
11.42	1.520	0.114	0.022	0.039
11.44	1.531	0.114	0.020	0.039
11.46	1.542	0.112	0.018	0.039
11.48	1.553	0.106	0.016	0.038
11.50	1.560	0.098	0.014	0.020
11.52	1.566	0.088	0.013	0.020
11.54	1.567	0.078	0.012	0.021
11.56	1.568	0.069	0.012	0.015
11.58	1.565	0.060	0.012	0.014
11.60	1.561	0.054	0.012	0.009
11.62	1.558	0.050	0.013	0.012
11.64	1.555	0.046	0.013	0.012
11.66	1.551	0.044	0.014	0.012
11.68	1.549	0.042	0.014	0.007
11.70	1.546	0.040	0.014	0.012
11.72	1.545	0.039	0.014	0.008
11.74	1.543	0.036	0.015	0.012
11.76	1.539	0.035	0.015	0.012
11.78	1.537	0.035	0.015	0.010
11.80	1.537	0.034	0.015	0.011
11.82	1.535	0.032	0.015	0.012
11.84	1.533	0.031	0.015	0.012
11.86	1.531	0.031	0.016	0.012
11.88	1.530	0.030	0.016	0.012
11.90	1.529	0.030	0.015	0.012
11.92	1.528	0.029	0.016	0.009
11.94	1.527	0.028	0.016	0.012
11.96	1.526	0.027	0.016	0.012
11.98	1.524	0.026	0.016	0.012
12.00	1.523	0.026	0.016	0.007
12.02	1.522	0.026	0.016	0.012
12.04	1.522	0.025	0.016	0.008
12.06	1.520	0.024	0.016	0.012
12.08	1.519	0.024	0.016	0.012
12.10	1.518	0.024	0.016	0.010
12.12	1.517	0.023	0.016	0.011
12.14	1.516	0.023	0.016	0.012
12.16	1.516	0.022	0.016	0.012
12.18	1.514	0.022	0.016	0.012
12.20	1.514	0.021	0.016	0.007
12.22	1.513	0.020	0.016	0.012
12.24	1.512	0.020	0.016	0.008
12.26	1.511	0.019	0.016	0.012
12.28	1.510	0.018	0.016	0.012
12.30	1.508	0.018	0.017	0.010
12.32	1.507	0.017	0.017	0.011
12.34	1.504	0.018	0.017	0.012
12.36	1.504	0.018	0.017	0.012
12.38	1.502	0.018	0.018	0.009
12.40	1.501	0.019	0.018	0.012
12.42	1.499	0.020	0.018	0.012
12.44	1.500	0.021	0.019	0.012
12.46	1.499	0.021	0.019	0.007
12.48	1.499	0.023	0.019	0.012
12.50	1.499	0.023	0.019	0.008
12.52	1.499	0.024	0.019	0.012
12.54	1.500	0.024	0.019	0.012
12.56	1.501	0.024	0.019	0.010
12.58	1.501	0.023	0.019	0.011
12.60	1.501	0.023	0.019	0.012
12.62	1.502	0.022	0.019	0.012
12.64	1.501	0.022	0.019	0.012
12.66	1.502	0.022	0.019	0.012
12.68	1.501	0.021	0.019	0.012
12.70	1.502	0.021	0.019	0.008
12.72	1.502	0.020	0.019	0.012
12.74	1.502	0.020	0.019	0.009
12.76	1.503	0.019	0.019	0.012
12.78	1.503	0.018	0.019	0.012
12.80	1.503	0.017	0.019	0.012
12.82	1.503	0.016	0.019	0.007
12.84	1.503	0.014	0.019	0.012
12.86	1.502	0.014	0.019	0.008
12.88	1.503	0.012	0.019	0.012
12.90	1.502	0.010	0.019	0.012
12.92	1.501	0.009	0.020	0.010
12.94	1.500	0.008	0.020	0.009
12.96	1.499	0.006	0.020	0.002
12.98	1.497	0.005	0.021	0.003
13.00	1.496	0.004	0.021	0.002
13.02	1.494	0.004	0.022	0.003
13.04	1.493	0.004	0.022	0.001
13.06	1.492	0.004	0.022	0.001
13.08	1.491	0.003	0.023	0.001
13.10	1.489	0.003	0.023	0.001
13.12	1.489	0.003	0.024	0.001
13.14	1.487	0.003	0.024	0.001
13.16	1.488	0.003	0.024	0.001
13.18	1.486	0.002	0.024	0.001
13.20	1.485	0.003	0.025	0.001
13.22	1.484	0.003	0.025	0.001
13.24	1.484	0.003	0.025	0.001
13.26	1.484	0.002	0.025	0.001
13.28	1.483	0.002	0.026	0.001
13.30	1.482	0.002	0.026	0.001
13.32	1.482	0.001	0.026	0.001
13.34	1.480	0.001	0.027	0.001
13.36	1.480	0.001	0.027	0.001
13.38	1.478	0.001	0.027	0.001
13.40	1.478	0.001	0.027	0.001
13.42	1.477	0.001	0.028	0.001
13.44	1.477	0.001	0.028	0.001
13.46	1.476	0.001	0.028	0.001
13.48	1.475	0.001	0.029	0.001
13.50	1.474	0.001	0.029	0.001
13.52	1.474	0.001	0.029	0.001
13.54	1.473	0.001	0.030	0.001
13.56	1.473	0.001	0.030	0.001
13.58	1.472	0.001	0.031	0.001
13.60	1.472	0.001	0.031	0.001
13.62	1.471	0.001	0.032	0.001
13.64	1.470	0.001	0.033	0.001
13.66	1.470	0.001	0.033	0.001
13.68	1.469	0.001	0.034	0.001
13.70	1.469	0.001	0.034	0.001
13.72	1.468	0.001	0.035	0.001
13.74	1.468	0.001	0.035	0.001
13.76	1.467	0.001	0.035	0.001
13.78	1.466	0.001	0.035	0.001
13.80	1.466	0.001	0.036	0.001
13.82	1.465	0.001	0.036	0.001
13.84	1.465	0.001	0.036	0.001
13.86	1.464	0.001	0.037	0.001
13.88	1.464	0.001	0.037	0.001
13.90	1.464	0.001	0.038	0.001
13.92	1.463	0.001	0.039	0.001
13.94	1.463	0.001	0.039	0.001
13.96	1.462	0.001	0.040	0.001
13.98	1.462	0.001	0.040	0.001
14.00	1.461	0.001	0.040	0.001
14.02	1.461	0.001	0.041	0.001
14.04	1.460	0.001	0.041	0.001
14.06	1.460	0.001	0.041	0.001
14.08	1.459	0.001	0.041	0.001
14.10	1.459	0.001	0.041	0.001
14.12	1.459	0.001	0.041	0.001
14.14	1.458	0.001	0.041	0.001
14.16	1.458	0.001	0.041	0.001
14.18	1.457	0.001	0.041	0.001
14.20	1.457	0.001	0.042	0.001
14.22	1.456	0.001	0.042	0.001
14.24	1.456	0.001	0.042	0.001
14.26	1.455	0.001	0.042	0.001
14.28	1.455	0.001	0.043	0.001
14.30	1.454	0.001	0.043	0.001
14.32	1.454	0.001	0.043	0.001
14.34	1.454	0.001	0.043	0.001
14.36	1.453	0.001	0.043	0.001
14.38	1.453	0.001	0.043	0.001
14.40	1.452	0.001	0.043	0.001
14.42	1.452	0.001	0.043	0.001
14.44	1.452	0.001	0.043	0.001
14.46	1.451	0.001	0.043	0.001
14.48	1.451	0.001	0.043	0.001
14.50	1.450	0.001	0.043	0.001
14.52	1.450	0.001	0.043	0.001
14.54	1.449	0.001	0.042	0.001
14.56	1.449	0.001	0.043	0.001
14.58	1.449	0.001	0.043	0.001
14.60	1.448	0.001	0.043	0.001
14.62	1.448	0.001	0.043	0.001
14.64	1.447	0.001	0.044	0.001
14.66	1.447	0.001	0.044	0.001
14.68	1.447	0.001	0.046	0.001
14.70	1.446	0.001	0.046	0.001
14.72	1.446	0.001	0.048	0.001
14.74	1.445	0.001	0.049	0.001
14.76	1.445	0.001	0.051	0.001
14.78	1.444	0.001	0.052	0.001
14.80	1.444	0.001	0.054	0.001
14.82	1.443	0.001	0.055	0.001
14.84	1.443	0.001	0.057	0.001
14.86	1.443	0.001	0.058	0.001
14.88	1.442	0.001	0.062	0.001
14.90	1.442	0.001	0.064	0.001
14.92	1.441	0.001	0.070	0.001
14.94	1.441	0.001	0.074	0.001
14.96	1.440	0.001	0.086	0.001
14.98	1.439	0.001	0.099	0.001
15.00	1.438	0.001	0.139	0.001