82.49915
36.54
50.57
36.213
58.80578
71.32301
42.1792
58.38833
40.05
-0.20194
52.99806
51.971
42.07
-40.68222
-34.35348
18.38107
-16.2
4.98139
37.995
54.3501
44.23
37.104
-30.17254
35.3378
33.28
39.08
37.16389
48.54
47.8015
61.84738
45.803
28.309
46.54749
46.96667
51.352500
51.31805556
23.47
53.32583
-3.21
-2.595
19.53623
51.53
41.76667
44.16667
27.9578
29.36
-70.666
13.47
48.5622
67.97361
55.35
38.091
45.7719
74.71667
43.93333
47.9
47.4165
32.558383
48.70861
-89.99695
36.6
40.455
72.58
71.586166
41.0541
-72.0117
56.01667
52.80222
50.0593
36.2879
78.90669
