-62.34153
126.33
13
-81.692
17.38837
-156.61147
23.5856
8.25194
-88.36667
100.31805
7.9425
4.927
-70.2
144.68834
18.48968
-65.61775
-68.1
117.84361
23.816
-104.9834
-79.78333
-6.7342
-70.79923
25.6694
126.17
-28.03
-3.605
8.4
11.00962
24.29478
8.627
-16.4994
7.98509
19.58333
12.434600
12.2975
120.87
-9.89944
-60.59
-60.209
-155.57616
12.93
2.35
10.68333
86.8149
79.46
-8.266
2.17
5.5056
24.11583
21.06667
-122.957167
2.9658
-94.98333
-60.01667
7.91667
10.97964
116.78195
2.15889
-24.8
-97.5
-106.744
-38.48
128.918823
-124.151
2.5351
13.15
10.75944
-122.9576
100.8964
11.88934
